LDA_API_20_cate_data=[[0.0025,
  0.22749999999999998,
  0.0025,
  0.0025,
  0.0025,
  0.0025,
  0.0025,
  0.3525,
  0.22749999999999998,
  0.0025,
  0.0025,
  0.0025,
  0.027500000000000004,
  0.027500000000000004,
  0.0775,
  0.0025,
  0.0025,
  0.0025,
  0.0025,
  0.027500000000000004],
 [0.0028571428571428567,
  0.0028571428571428567,
  0.031428571428571424,
  0.0028571428571428567,
  0.0028571428571428567,
  0.0028571428571428567,
  0.0028571428571428567,
  0.917142857142857,
  0.0028571428571428567,
  0.0028571428571428567,
  0.0028571428571428567,
  0.0028571428571428567,
  0.0028571428571428567,
  0.0028571428571428567,
  0.0028571428571428567,
  0.0028571428571428567,
  0.0028571428571428567,
  0.0028571428571428567,
  0.0028571428571428567,
  0.0028571428571428567],
 [0.0021276595744680847,
  0.2574468085106382,
  0.04468085106382978,
  0.023404255319148935,
  0.0021276595744680847,
  0.0021276595744680847,
  0.0021276595744680847,
  0.5553191489361702,
  0.0021276595744680847,
  0.0021276595744680847,
  0.0021276595744680847,
  0.0021276595744680847,
  0.06595744680851064,
  0.0021276595744680847,
  0.0021276595744680847,
  0.0021276595744680847,
  0.023404255319148935,
  0.0021276595744680847,
  0.0021276595744680847,
  0.0021276595744680847],
 [0.0021739130434782605,
  0.08913043478260868,
  0.0021739130434782605,
  0.0021739130434782605,
  0.0021739130434782605,
  0.28478260869565214,
  0.0021739130434782605,
  0.35,
  0.1326086956521739,
  0.0021739130434782605,
  0.0021739130434782605,
  0.023913043478260867,
  0.0021739130434782605,
  0.0021739130434782605,
  0.0021739130434782605,
  0.0021739130434782605,
  0.0021739130434782605,
  0.023913043478260867,
  0.0021739130434782605,
  0.06739130434782607],
 [0.001428571428571429,
  0.01571428571428572,
  0.001428571428571429,
  0.001428571428571429,
  0.001428571428571429,
  0.001428571428571429,
  0.001428571428571429,
  0.6157142857142859,
  0.001428571428571429,
  0.05857142857142858,
  0.001428571428571429,
  0.001428571428571429,
  0.001428571428571429,
  0.001428571428571429,
  0.2585714285714286,
  0.001428571428571429,
  0.001428571428571429,
  0.001428571428571429,
  0.030000000000000006,
  0.001428571428571429],
 [0.002173913043478261,
  0.002173913043478261,
  0.002173913043478261,
  0.002173913043478261,
  0.002173913043478261,
  0.002173913043478261,
  0.002173913043478261,
  0.06739130434782609,
  0.28478260869565214,
  0.002173913043478261,
  0.002173913043478261,
  0.19782608695652174,
  0.002173913043478261,
  0.002173913043478261,
  0.3717391304347826,
  0.002173913043478261,
  0.002173913043478261,
  0.002173913043478261,
  0.04565217391304348,
  0.002173913043478261],
 [0.0026315789473684206,
  0.0026315789473684206,
  0.028947368421052628,
  0.0026315789473684206,
  0.0026315789473684206,
  0.0026315789473684206,
  0.0026315789473684206,
  0.5026315789473683,
  0.0026315789473684206,
  0.0026315789473684206,
  0.0026315789473684206,
  0.0026315789473684206,
  0.0026315789473684206,
  0.028947368421052628,
  0.028947368421052628,
  0.0026315789473684206,
  0.0026315789473684206,
  0.0026315789473684206,
  0.3710526315789473,
  0.0026315789473684206],
 [0.0025641025641025637,
  0.0025641025641025637,
  0.0025641025641025637,
  0.0025641025641025637,
  0.0025641025641025637,
  0.0025641025641025637,
  0.1051282051282051,
  0.6692307692307692,
  0.0025641025641025637,
  0.0025641025641025637,
  0.0025641025641025637,
  0.0025641025641025637,
  0.0025641025641025637,
  0.0025641025641025637,
  0.0025641025641025637,
  0.0025641025641025637,
  0.0025641025641025637,
  0.0025641025641025637,
  0.0025641025641025637,
  0.18205128205128202],
 [0.00303030303030303,
  0.00303030303030303,
  0.00303030303030303,
  0.00303030303030303,
  0.00303030303030303,
  0.00303030303030303,
  0.00303030303030303,
  0.2151515151515151,
  0.00303030303030303,
  0.00303030303030303,
  0.00303030303030303,
  0.00303030303030303,
  0.00303030303030303,
  0.00303030303030303,
  0.2454545454545454,
  0.00303030303030303,
  0.00303030303030303,
  0.00303030303030303,
  0.4878787878787878,
  0.00303030303030303],
 [0.002173913043478261,
  0.002173913043478261,
  0.002173913043478261,
  0.002173913043478261,
  0.002173913043478261,
  0.0891304347826087,
  0.002173913043478261,
  0.4804347826086957,
  0.002173913043478261,
  0.002173913043478261,
  0.002173913043478261,
  0.1326086956521739,
  0.002173913043478261,
  0.1760869565217391,
  0.002173913043478261,
  0.002173913043478261,
  0.002173913043478261,
  0.002173913043478261,
  0.0891304347826087,
  0.002173913043478261],
 [0.0015873015873015873,
  0.0015873015873015873,
  0.14444444444444443,
  0.049206349206349205,
  0.27142857142857146,
  0.0015873015873015873,
  0.20793650793650792,
  0.0015873015873015873,
  0.2238095238095238,
  0.01746031746031746,
  0.06507936507936507,
  0.0015873015873015873,
  0.0015873015873015873,
  0.0015873015873015873,
  0.0015873015873015873,
  0.0015873015873015873,
  0.0015873015873015873,
  0.0015873015873015873,
  0.0015873015873015873,
  0.0015873015873015873],
 [0.002040816326530612,
  0.3693877551020408,
  0.002040816326530612,
  0.002040816326530612,
  0.002040816326530612,
  0.04285714285714285,
  0.1040816326530612,
  0.002040816326530612,
  0.002040816326530612,
  0.002040816326530612,
  0.002040816326530612,
  0.002040816326530612,
  0.022448979591836733,
  0.002040816326530612,
  0.002040816326530612,
  0.002040816326530612,
  0.3693877551020408,
  0.06326530612244897,
  0.002040816326530612,
  0.002040816326530612],
 [0.0031249999999999993,
  0.0031249999999999993,
  0.06562499999999999,
  0.0031249999999999993,
  0.0031249999999999993,
  0.0031249999999999993,
  0.5031249999999999,
  0.0031249999999999993,
  0.0031249999999999993,
  0.034374999999999996,
  0.0031249999999999993,
  0.0031249999999999993,
  0.0031249999999999993,
  0.0031249999999999993,
  0.0031249999999999993,
  0.09687499999999998,
  0.0031249999999999993,
  0.0031249999999999993,
  0.0031249999999999993,
  0.25312499999999993],
 [0.00196078431372549,
  0.00196078431372549,
  0.021568627450980395,
  0.00196078431372549,
  0.00196078431372549,
  0.2568627450980392,
  0.08039215686274509,
  0.00196078431372549,
  0.00196078431372549,
  0.00196078431372549,
  0.021568627450980395,
  0.1392156862745098,
  0.00196078431372549,
  0.00196078431372549,
  0.45294117647058824,
  0.00196078431372549,
  0.00196078431372549,
  0.00196078431372549,
  0.00196078431372549,
  0.00196078431372549],
 [0.03055555555555555,
  0.03055555555555555,
  0.0027777777777777775,
  0.0027777777777777775,
  0.1694444444444444,
  0.0027777777777777775,
  0.0027777777777777775,
  0.0027777777777777775,
  0.0027777777777777775,
  0.03055555555555555,
  0.5305555555555554,
  0.0027777777777777775,
  0.0027777777777777775,
  0.0027777777777777775,
  0.0027777777777777775,
  0.1694444444444444,
  0.0027777777777777775,
  0.0027777777777777775,
  0.0027777777777777775,
  0.0027777777777777775],
 [0.00196078431372549,
  0.00196078431372549,
  0.5313725490196078,
  0.00196078431372549,
  0.06078431372549019,
  0.00196078431372549,
  0.00196078431372549,
  0.00196078431372549,
  0.021568627450980392,
  0.00196078431372549,
  0.00196078431372549,
  0.021568627450980392,
  0.00196078431372549,
  0.00196078431372549,
  0.06078431372549019,
  0.00196078431372549,
  0.00196078431372549,
  0.00196078431372549,
  0.00196078431372549,
  0.2764705882352941],
 [0.0015873015873015873,
  0.20793650793650792,
  0.3984126984126984,
  0.09682539682539681,
  0.19206349206349205,
  0.0015873015873015873,
  0.01746031746031746,
  0.0015873015873015873,
  0.03333333333333333,
  0.0015873015873015873,
  0.0015873015873015873,
  0.01746031746031746,
  0.0015873015873015873,
  0.0015873015873015873,
  0.01746031746031746,
  0.0015873015873015873,
  0.0015873015873015873,
  0.0015873015873015873,
  0.0015873015873015873,
  0.0015873015873015873],
 [0.0027777777777777775,
  0.0027777777777777775,
  0.336111111111111,
  0.0027777777777777775,
  0.0027777777777777775,
  0.0027777777777777775,
  0.0027777777777777775,
  0.0027777777777777775,
  0.0027777777777777775,
  0.0027777777777777775,
  0.0027777777777777775,
  0.0861111111111111,
  0.0027777777777777775,
  0.03055555555555555,
  0.4472222222222222,
  0.0027777777777777775,
  0.0027777777777777775,
  0.05833333333333333,
  0.0027777777777777775,
  0.0027777777777777775],
 [0.0016666666666666668,
  0.0016666666666666668,
  0.385,
  0.0016666666666666668,
  0.0016666666666666668,
  0.0016666666666666668,
  0.0016666666666666668,
  0.0016666666666666668,
  0.15166666666666667,
  0.0016666666666666668,
  0.0016666666666666668,
  0.018333333333333333,
  0.0016666666666666668,
  0.018333333333333333,
  0.051666666666666666,
  0.08499999999999999,
  0.0016666666666666668,
  0.018333333333333333,
  0.0016666666666666668,
  0.25166666666666665],
 [0.001282051282051282,
  0.10384615384615384,
  0.308974358974359,
  0.001282051282051282,
  0.001282051282051282,
  0.001282051282051282,
  0.001282051282051282,
  0.001282051282051282,
  0.001282051282051282,
  0.001282051282051282,
  0.001282051282051282,
  0.001282051282051282,
  0.001282051282051282,
  0.001282051282051282,
  0.12948717948717947,
  0.001282051282051282,
  0.001282051282051282,
  0.001282051282051282,
  0.001282051282051282,
  0.4371794871794872],
 [0.026190476190476188,
  0.0023809523809523807,
  0.049999999999999996,
  0.0023809523809523807,
  0.0023809523809523807,
  0.0023809523809523807,
  0.0023809523809523807,
  0.026190476190476188,
  0.0023809523809523807,
  0.0023809523809523807,
  0.0023809523809523807,
  0.0023809523809523807,
  0.0023809523809523807,
  0.026190476190476188,
  0.4071428571428571,
  0.0023809523809523807,
  0.0023809523809523807,
  0.0023809523809523807,
  0.0023809523809523807,
  0.4309523809523809],
 [0.11296296296296295,
  0.0018518518518518517,
  0.0018518518518518517,
  0.0018518518518518517,
  0.0018518518518518517,
  0.0018518518518518517,
  0.0018518518518518517,
  0.02037037037037037,
  0.03888888888888888,
  0.29814814814814816,
  0.0018518518518518517,
  0.0018518518518518517,
  0.0018518518518518517,
  0.03888888888888888,
  0.0018518518518518517,
  0.0018518518518518517,
  0.0018518518518518517,
  0.0018518518518518517,
  0.0018518518518518517,
  0.4648148148148148],
 [0.003225806451612903,
  0.003225806451612903,
  0.13225806451612898,
  0.003225806451612903,
  0.003225806451612903,
  0.003225806451612903,
  0.06774193548387096,
  0.2612903225806451,
  0.03548387096774193,
  0.09999999999999998,
  0.003225806451612903,
  0.003225806451612903,
  0.003225806451612903,
  0.003225806451612903,
  0.003225806451612903,
  0.003225806451612903,
  0.003225806451612903,
  0.3580645161290322,
  0.003225806451612903,
  0.003225806451612903],
 [0.001851851851851852,
  0.001851851851851852,
  0.24259259259259258,
  0.001851851851851852,
  0.001851851851851852,
  0.020370370370370372,
  0.001851851851851852,
  0.001851851851851852,
  0.001851851851851852,
  0.35370370370370374,
  0.18703703703703703,
  0.001851851851851852,
  0.001851851851851852,
  0.001851851851851852,
  0.001851851851851852,
  0.001851851851851852,
  0.001851851851851852,
  0.001851851851851852,
  0.001851851851851852,
  0.1685185185185185],
 [0.0026315789473684206,
  0.0026315789473684206,
  0.44999999999999996,
  0.028947368421052628,
  0.0026315789473684206,
  0.0026315789473684206,
  0.0026315789473684206,
  0.028947368421052628,
  0.0026315789473684206,
  0.0026315789473684206,
  0.055263157894736833,
  0.0026315789473684206,
  0.028947368421052628,
  0.0026315789473684206,
  0.0026315789473684206,
  0.0026315789473684206,
  0.08157894736842104,
  0.0026315789473684206,
  0.0026315789473684206,
  0.29210526315789465],
 [0.001639344262295082,
  0.001639344262295082,
  0.2147540983606557,
  0.001639344262295082,
  0.050819672131147534,
  0.001639344262295082,
  0.001639344262295082,
  0.001639344262295082,
  0.001639344262295082,
  0.001639344262295082,
  0.001639344262295082,
  0.001639344262295082,
  0.2967213114754098,
  0.001639344262295082,
  0.001639344262295082,
  0.001639344262295082,
  0.001639344262295082,
  0.06721311475409834,
  0.34590163934426227,
  0.001639344262295082],
 [0.002857142857142857,
  0.002857142857142857,
  0.43142857142857144,
  0.060000000000000005,
  0.002857142857142857,
  0.002857142857142857,
  0.002857142857142857,
  0.002857142857142857,
  0.002857142857142857,
  0.002857142857142857,
  0.03142857142857143,
  0.002857142857142857,
  0.002857142857142857,
  0.002857142857142857,
  0.002857142857142857,
  0.002857142857142857,
  0.002857142857142857,
  0.20285714285714285,
  0.002857142857142857,
  0.23142857142857143],
 [0.002564102564102564,
  0.002564102564102564,
  0.002564102564102564,
  0.13076923076923075,
  0.002564102564102564,
  0.002564102564102564,
  0.002564102564102564,
  0.0794871794871795,
  0.18205128205128204,
  0.002564102564102564,
  0.20769230769230768,
  0.002564102564102564,
  0.002564102564102564,
  0.002564102564102564,
  0.1564102564102564,
  0.002564102564102564,
  0.002564102564102564,
  0.02820512820512821,
  0.002564102564102564,
  0.18205128205128204],
 [0.002439024390243902,
  0.026829268292682923,
  0.07560975609756096,
  0.002439024390243902,
  0.05121951219512194,
  0.002439024390243902,
  0.002439024390243902,
  0.026829268292682923,
  0.002439024390243902,
  0.4170731707317073,
  0.002439024390243902,
  0.002439024390243902,
  0.002439024390243902,
  0.002439024390243902,
  0.05121951219512194,
  0.026829268292682923,
  0.002439024390243902,
  0.09999999999999998,
  0.002439024390243902,
  0.19756097560975605],
 [0.002564102564102564,
  0.002564102564102564,
  0.002564102564102564,
  0.002564102564102564,
  0.002564102564102564,
  0.002564102564102564,
  0.002564102564102564,
  0.002564102564102564,
  0.002564102564102564,
  0.002564102564102564,
  0.0794871794871795,
  0.10512820512820512,
  0.002564102564102564,
  0.002564102564102564,
  0.02820512820512821,
  0.002564102564102564,
  0.002564102564102564,
  0.002564102564102564,
  0.002564102564102564,
  0.7461538461538462],
 [0.00125,
  0.00125,
  0.00125,
  0.00125,
  0.06375,
  0.00125,
  0.00125,
  0.00125,
  0.16375,
  0.06375,
  0.013750000000000002,
  0.00125,
  0.00125,
  0.00125,
  0.00125,
  0.00125,
  0.10124999999999999,
  0.11374999999999999,
  0.00125,
  0.46375],
 [0.0024999999999999996,
  0.0024999999999999996,
  0.6525,
  0.027499999999999997,
  0.10249999999999997,
  0.0024999999999999996,
  0.0024999999999999996,
  0.05249999999999999,
  0.0024999999999999996,
  0.0024999999999999996,
  0.0024999999999999996,
  0.0024999999999999996,
  0.0024999999999999996,
  0.0024999999999999996,
  0.0024999999999999996,
  0.0024999999999999996,
  0.0024999999999999996,
  0.0024999999999999996,
  0.0024999999999999996,
  0.12749999999999997],
 [0.29354838709677417,
  0.0032258064516129032,
  0.0032258064516129032,
  0.035483870967741936,
  0.0032258064516129032,
  0.0032258064516129032,
  0.16451612903225804,
  0.0032258064516129032,
  0.0032258064516129032,
  0.0032258064516129032,
  0.0032258064516129032,
  0.0032258064516129032,
  0.0032258064516129032,
  0.06774193548387097,
  0.0032258064516129032,
  0.0032258064516129032,
  0.0032258064516129032,
  0.0032258064516129032,
  0.0032258064516129032,
  0.3903225806451613],
 [0.0017857142857142857,
  0.0017857142857142857,
  0.4660714285714285,
  0.0017857142857142857,
  0.019642857142857142,
  0.0017857142857142857,
  0.0017857142857142857,
  0.0017857142857142857,
  0.019642857142857142,
  0.0017857142857142857,
  0.18035714285714283,
  0.16249999999999998,
  0.0017857142857142857,
  0.0017857142857142857,
  0.0017857142857142857,
  0.019642857142857142,
  0.0017857142857142857,
  0.0017857142857142857,
  0.0017857142857142857,
  0.1089285714285714],
 [0.003125,
  0.003125,
  0.003125,
  0.034375,
  0.003125,
  0.034375,
  0.003125,
  0.003125,
  0.003125,
  0.003125,
  0.003125,
  0.003125,
  0.003125,
  0.003125,
  0.003125,
  0.003125,
  0.003125,
  0.003125,
  0.003125,
  0.878125],
 [0.003225806451612903,
  0.003225806451612903,
  0.003225806451612903,
  0.003225806451612903,
  0.003225806451612903,
  0.003225806451612903,
  0.003225806451612903,
  0.06774193548387096,
  0.5516129032258064,
  0.003225806451612903,
  0.003225806451612903,
  0.13225806451612898,
  0.003225806451612903,
  0.003225806451612903,
  0.003225806451612903,
  0.003225806451612903,
  0.19677419354838704,
  0.003225806451612903,
  0.003225806451612903,
  0.003225806451612903],
 [0.001851851851851852,
  0.3351851851851852,
  0.001851851851851852,
  0.22407407407407406,
  0.001851851851851852,
  0.001851851851851852,
  0.001851851851851852,
  0.001851851851851852,
  0.001851851851851852,
  0.001851851851851852,
  0.001851851851851852,
  0.001851851851851852,
  0.001851851851851852,
  0.001851851851851852,
  0.18703703703703703,
  0.11296296296296296,
  0.001851851851851852,
  0.001851851851851852,
  0.001851851851851852,
  0.11296296296296296],
 [0.0018867924528301887,
  0.0018867924528301887,
  0.0018867924528301887,
  0.020754716981132078,
  0.17169811320754716,
  0.0018867924528301887,
  0.0018867924528301887,
  0.2849056603773585,
  0.0018867924528301887,
  0.0018867924528301887,
  0.09622641509433962,
  0.0018867924528301887,
  0.0018867924528301887,
  0.0018867924528301887,
  0.1339622641509434,
  0.0018867924528301887,
  0.0018867924528301887,
  0.0018867924528301887,
  0.2660377358490566,
  0.0018867924528301887],
 [0.0032258064516129032,
  0.0032258064516129032,
  0.22903225806451613,
  0.06774193548387097,
  0.0032258064516129032,
  0.06774193548387097,
  0.0032258064516129032,
  0.132258064516129,
  0.0032258064516129032,
  0.0032258064516129032,
  0.0032258064516129032,
  0.0032258064516129032,
  0.19677419354838707,
  0.0032258064516129032,
  0.132258064516129,
  0.06774193548387097,
  0.06774193548387097,
  0.0032258064516129032,
  0.0032258064516129032,
  0.0032258064516129032],
 [0.0023809523809523807,
  0.0023809523809523807,
  0.026190476190476188,
  0.0023809523809523807,
  0.0023809523809523807,
  0.0023809523809523807,
  0.0023809523809523807,
  0.0023809523809523807,
  0.0023809523809523807,
  0.049999999999999996,
  0.026190476190476188,
  0.0023809523809523807,
  0.0023809523809523807,
  0.049999999999999996,
  0.21666666666666662,
  0.0023809523809523807,
  0.0023809523809523807,
  0.0023809523809523807,
  0.3833333333333333,
  0.21666666666666662],
 [0.002564102564102564,
  0.002564102564102564,
  0.002564102564102564,
  0.002564102564102564,
  0.002564102564102564,
  0.0794871794871795,
  0.002564102564102564,
  0.02820512820512821,
  0.002564102564102564,
  0.02820512820512821,
  0.002564102564102564,
  0.1564102564102564,
  0.002564102564102564,
  0.002564102564102564,
  0.20769230769230768,
  0.13076923076923075,
  0.002564102564102564,
  0.02820512820512821,
  0.20769230769230768,
  0.10512820512820512],
 [0.10333333333333332,
  0.0033333333333333327,
  0.0033333333333333327,
  0.0033333333333333327,
  0.10333333333333332,
  0.0033333333333333327,
  0.0033333333333333327,
  0.0033333333333333327,
  0.3699999999999999,
  0.0033333333333333327,
  0.0033333333333333327,
  0.0033333333333333327,
  0.0033333333333333327,
  0.10333333333333332,
  0.0033333333333333327,
  0.0033333333333333327,
  0.10333333333333332,
  0.0033333333333333327,
  0.03666666666666666,
  0.13666666666666663],
 [0.0024390243902439024,
  0.0024390243902439024,
  0.02682926829268293,
  0.22195121951219512,
  0.0024390243902439024,
  0.0024390243902439024,
  0.0024390243902439024,
  0.3439024390243902,
  0.051219512195121955,
  0.07560975609756097,
  0.0024390243902439024,
  0.07560975609756097,
  0.0024390243902439024,
  0.07560975609756097,
  0.0024390243902439024,
  0.0024390243902439024,
  0.09999999999999999,
  0.0024390243902439024,
  0.0024390243902439024,
  0.0024390243902439024],
 [0.0005747126436781609,
  0.0005747126436781609,
  0.1327586206896552,
  0.01206896551724138,
  0.0005747126436781609,
  0.029310344827586206,
  0.0005747126436781609,
  0.05804597701149425,
  0.5120689655172413,
  0.0005747126436781609,
  0.0005747126436781609,
  0.12126436781609196,
  0.006321839080459771,
  0.0005747126436781609,
  0.05229885057471264,
  0.0005747126436781609,
  0.023563218390804597,
  0.0005747126436781609,
  0.04655172413793103,
  0.0005747126436781609],
 [0.003846153846153846,
  0.0423076923076923,
  0.003846153846153846,
  0.003846153846153846,
  0.003846153846153846,
  0.003846153846153846,
  0.003846153846153846,
  0.5807692307692307,
  0.0423076923076923,
  0.003846153846153846,
  0.003846153846153846,
  0.003846153846153846,
  0.003846153846153846,
  0.003846153846153846,
  0.19615384615384612,
  0.003846153846153846,
  0.003846153846153846,
  0.08076923076923076,
  0.003846153846153846,
  0.003846153846153846],
 [0.04999999999999998,
  0.0023809523809523803,
  0.0023809523809523803,
  0.0023809523809523803,
  0.0023809523809523803,
  0.07380952380952378,
  0.0023809523809523803,
  0.19285714285714278,
  0.0023809523809523803,
  0.0023809523809523803,
  0.0023809523809523803,
  0.04999999999999998,
  0.026190476190476184,
  0.0023809523809523803,
  0.5738095238095237,
  0.0023809523809523803,
  0.0023809523809523803,
  0.0023809523809523803,
  0.0023809523809523803,
  0.0023809523809523803],
 [0.002,
  0.002,
  0.06199999999999999,
  0.002,
  0.002,
  0.18199999999999997,
  0.20199999999999996,
  0.002,
  0.502,
  0.002,
  0.002,
  0.002,
  0.022,
  0.002,
  0.002,
  0.002,
  0.002,
  0.002,
  0.002,
  0.002],
 [0.003571428571428571,
  0.003571428571428571,
  0.03928571428571428,
  0.003571428571428571,
  0.003571428571428571,
  0.003571428571428571,
  0.03928571428571428,
  0.003571428571428571,
  0.7535714285714284,
  0.003571428571428571,
  0.003571428571428571,
  0.003571428571428571,
  0.03928571428571428,
  0.03928571428571428,
  0.003571428571428571,
  0.003571428571428571,
  0.03928571428571428,
  0.003571428571428571,
  0.003571428571428571,
  0.003571428571428571],
 [0.000925925925925926,
  0.000925925925925926,
  0.000925925925925926,
  0.000925925925925926,
  0.13055555555555556,
  0.010185185185185186,
  0.000925925925925926,
  0.13055555555555556,
  0.3064814814814815,
  0.000925925925925926,
  0.019444444444444445,
  0.14907407407407408,
  0.05648148148148148,
  0.000925925925925926,
  0.000925925925925926,
  0.000925925925925926,
  0.000925925925925926,
  0.000925925925925926,
  0.14907407407407408,
  0.03796296296296296],
 [0.0019230769230769227,
  0.0019230769230769227,
  0.04038461538461537,
  0.0019230769230769227,
  0.23269230769230762,
  0.30961538461538457,
  0.0019230769230769227,
  0.0019230769230769227,
  0.0019230769230769227,
  0.04038461538461537,
  0.0019230769230769227,
  0.0019230769230769227,
  0.0019230769230769227,
  0.0019230769230769227,
  0.0019230769230769227,
  0.04038461538461537,
  0.0019230769230769227,
  0.0019230769230769227,
  0.30961538461538457,
  0.0019230769230769227],
 [0.03928571428571429,
  0.0035714285714285718,
  0.0035714285714285718,
  0.0035714285714285718,
  0.0035714285714285718,
  0.3964285714285714,
  0.11071428571428572,
  0.0035714285714285718,
  0.0035714285714285718,
  0.075,
  0.0035714285714285718,
  0.0035714285714285718,
  0.0035714285714285718,
  0.075,
  0.11071428571428572,
  0.0035714285714285718,
  0.1464285714285714,
  0.0035714285714285718,
  0.0035714285714285718,
  0.0035714285714285718],
 [0.002777777777777778,
  0.39166666666666666,
  0.002777777777777778,
  0.002777777777777778,
  0.002777777777777778,
  0.002777777777777778,
  0.14166666666666666,
  0.002777777777777778,
  0.19722222222222222,
  0.08611111111111111,
  0.002777777777777778,
  0.002777777777777778,
  0.08611111111111111,
  0.030555555555555558,
  0.002777777777777778,
  0.002777777777777778,
  0.002777777777777778,
  0.002777777777777778,
  0.002777777777777778,
  0.030555555555555558],
 [0.0016666666666666663,
  0.0016666666666666663,
  0.30166666666666664,
  0.0016666666666666663,
  0.0016666666666666663,
  0.01833333333333333,
  0.30166666666666664,
  0.0016666666666666663,
  0.0016666666666666663,
  0.0016666666666666663,
  0.0016666666666666663,
  0.0016666666666666663,
  0.0016666666666666663,
  0.3183333333333333,
  0.01833333333333333,
  0.0016666666666666663,
  0.0016666666666666663,
  0.0016666666666666663,
  0.0016666666666666663,
  0.01833333333333333],
 [0.0640625,
  0.0015625,
  0.0640625,
  0.0015625,
  0.0015625,
  0.0015625,
  0.0015625,
  0.1265625,
  0.1265625,
  0.0015625,
  0.0015625,
  0.0015625,
  0.0015625,
  0.0484375,
  0.4390625,
  0.0015625,
  0.0640625,
  0.0015625,
  0.0015625,
  0.0484375],
 [0.002173913043478261,
  0.002173913043478261,
  0.21956521739130433,
  0.02391304347826087,
  0.002173913043478261,
  0.002173913043478261,
  0.002173913043478261,
  0.1760869565217391,
  0.1108695652173913,
  0.24130434782608695,
  0.06739130434782609,
  0.02391304347826087,
  0.002173913043478261,
  0.002173913043478261,
  0.06739130434782609,
  0.002173913043478261,
  0.002173913043478261,
  0.002173913043478261,
  0.04565217391304348,
  0.002173913043478261],
 [0.0030303030303030303,
  0.0030303030303030303,
  0.0030303030303030303,
  0.18484848484848485,
  0.03333333333333333,
  0.03333333333333333,
  0.0030303030303030303,
  0.0030303030303030303,
  0.18484848484848485,
  0.0030303030303030303,
  0.0030303030303030303,
  0.0030303030303030303,
  0.06363636363636364,
  0.0030303030303030303,
  0.42727272727272725,
  0.0030303030303030303,
  0.03333333333333333,
  0.0030303030303030303,
  0.0030303030303030303,
  0.0030303030303030303],
 [0.003333333333333333,
  0.003333333333333333,
  0.003333333333333333,
  0.003333333333333333,
  0.003333333333333333,
  0.003333333333333333,
  0.26999999999999996,
  0.003333333333333333,
  0.003333333333333333,
  0.003333333333333333,
  0.40333333333333327,
  0.003333333333333333,
  0.003333333333333333,
  0.003333333333333333,
  0.23666666666666664,
  0.003333333333333333,
  0.03666666666666667,
  0.003333333333333333,
  0.003333333333333333,
  0.003333333333333333],
 [0.0033333333333333327,
  0.03666666666666666,
  0.0033333333333333327,
  0.0033333333333333327,
  0.0033333333333333327,
  0.0033333333333333327,
  0.0033333333333333327,
  0.0033333333333333327,
  0.16999999999999996,
  0.0033333333333333327,
  0.0033333333333333327,
  0.0033333333333333327,
  0.0033333333333333327,
  0.0033333333333333327,
  0.57,
  0.0033333333333333327,
  0.03666666666666666,
  0.10333333333333332,
  0.0033333333333333327,
  0.03666666666666666],
 [0.017741935483870968,
  0.0016129032258064516,
  0.017741935483870968,
  0.0016129032258064516,
  0.017741935483870968,
  0.0016129032258064516,
  0.0016129032258064516,
  0.11451612903225805,
  0.0016129032258064516,
  0.32419354838709674,
  0.0016129032258064516,
  0.13064516129032255,
  0.0016129032258064516,
  0.0016129032258064516,
  0.049999999999999996,
  0.0016129032258064516,
  0.22741935483870965,
  0.0016129032258064516,
  0.08225806451612902,
  0.0016129032258064516],
 [0.0024390243902439024,
  0.4658536585365854,
  0.0024390243902439024,
  0.0024390243902439024,
  0.0024390243902439024,
  0.07560975609756097,
  0.0024390243902439024,
  0.3439024390243902,
  0.0024390243902439024,
  0.0024390243902439024,
  0.0024390243902439024,
  0.02682926829268293,
  0.0024390243902439024,
  0.02682926829268293,
  0.0024390243902439024,
  0.0024390243902439024,
  0.0024390243902439024,
  0.0024390243902439024,
  0.02682926829268293,
  0.0024390243902439024],
 [0.0025641025641025637,
  0.15641025641025638,
  0.0025641025641025637,
  0.0025641025641025637,
  0.0025641025641025637,
  0.0025641025641025637,
  0.0025641025641025637,
  0.48974358974358967,
  0.1051282051282051,
  0.0025641025641025637,
  0.0025641025641025637,
  0.0025641025641025637,
  0.028205128205128202,
  0.0025641025641025637,
  0.0025641025641025637,
  0.0025641025641025637,
  0.0025641025641025637,
  0.0025641025641025637,
  0.18205128205128202,
  0.0025641025641025637],
 [0.0023255813953488367,
  0.18837209302325578,
  0.0023255813953488367,
  0.0023255813953488367,
  0.0023255813953488367,
  0.0023255813953488367,
  0.07209302325581395,
  0.4209302325581395,
  0.025581395348837205,
  0.0023255813953488367,
  0.0023255813953488367,
  0.0023255813953488367,
  0.025581395348837205,
  0.0023255813953488367,
  0.0023255813953488367,
  0.0023255813953488367,
  0.0023255813953488367,
  0.048837209302325574,
  0.16511627906976742,
  0.025581395348837205],
 [0.002325581395348837,
  0.002325581395348837,
  0.002325581395348837,
  0.002325581395348837,
  0.07209302325581396,
  0.07209302325581396,
  0.025581395348837212,
  0.3511627906976744,
  0.002325581395348837,
  0.025581395348837212,
  0.025581395348837212,
  0.09534883720930232,
  0.07209302325581396,
  0.002325581395348837,
  0.2116279069767442,
  0.025581395348837212,
  0.002325581395348837,
  0.002325581395348837,
  0.002325581395348837,
  0.002325581395348837],
 [0.0029411764705882353,
  0.0029411764705882353,
  0.0029411764705882353,
  0.03235294117647059,
  0.0029411764705882353,
  0.3852941176470588,
  0.0029411764705882353,
  0.23823529411764705,
  0.03235294117647059,
  0.0029411764705882353,
  0.0029411764705882353,
  0.15,
  0.03235294117647059,
  0.0029411764705882353,
  0.0029411764705882353,
  0.0029411764705882353,
  0.0911764705882353,
  0.0029411764705882353,
  0.0029411764705882353,
  0.0029411764705882353],
 [0.003448275862068966,
  0.003448275862068966,
  0.17586206896551723,
  0.003448275862068966,
  0.003448275862068966,
  0.03793103448275863,
  0.003448275862068966,
  0.3482758620689655,
  0.003448275862068966,
  0.14137931034482756,
  0.003448275862068966,
  0.003448275862068966,
  0.003448275862068966,
  0.003448275862068966,
  0.24482758620689654,
  0.003448275862068966,
  0.003448275862068966,
  0.003448275862068966,
  0.003448275862068966,
  0.003448275862068966],
 [0.0034482758620689655,
  0.0034482758620689655,
  0.34827586206896544,
  0.0034482758620689655,
  0.0034482758620689655,
  0.0034482758620689655,
  0.0034482758620689655,
  0.1758620689655172,
  0.0034482758620689655,
  0.07241379310344827,
  0.0034482758620689655,
  0.0034482758620689655,
  0.0034482758620689655,
  0.0034482758620689655,
  0.34827586206896544,
  0.0034482758620689655,
  0.0034482758620689655,
  0.0034482758620689655,
  0.0034482758620689655,
  0.0034482758620689655],
 [0.002127659574468085,
  0.002127659574468085,
  0.002127659574468085,
  0.002127659574468085,
  0.002127659574468085,
  0.4276595744680851,
  0.002127659574468085,
  0.06595744680851064,
  0.002127659574468085,
  0.002127659574468085,
  0.002127659574468085,
  0.002127659574468085,
  0.002127659574468085,
  0.15106382978723404,
  0.3,
  0.02340425531914894,
  0.002127659574468085,
  0.002127659574468085,
  0.002127659574468085,
  0.002127659574468085],
 [0.0024390243902439024,
  0.0024390243902439024,
  0.3195121951219512,
  0.0024390243902439024,
  0.0024390243902439024,
  0.0024390243902439024,
  0.0024390243902439024,
  0.0024390243902439024,
  0.02682926829268293,
  0.2707317073170732,
  0.0024390243902439024,
  0.0024390243902439024,
  0.09999999999999999,
  0.0024390243902439024,
  0.0024390243902439024,
  0.0024390243902439024,
  0.0024390243902439024,
  0.0024390243902439024,
  0.0024390243902439024,
  0.24634146341463414],
 [0.002325581395348837,
  0.04883720930232558,
  0.1883720930232558,
  0.002325581395348837,
  0.002325581395348837,
  0.14186046511627906,
  0.23488372093023255,
  0.025581395348837212,
  0.002325581395348837,
  0.002325581395348837,
  0.002325581395348837,
  0.002325581395348837,
  0.002325581395348837,
  0.002325581395348837,
  0.32790697674418606,
  0.002325581395348837,
  0.002325581395348837,
  0.002325581395348837,
  0.002325581395348837,
  0.002325581395348837],
 [0.33589743589743587,
  0.002564102564102564,
  0.002564102564102564,
  0.002564102564102564,
  0.002564102564102564,
  0.002564102564102564,
  0.002564102564102564,
  0.33589743589743587,
  0.002564102564102564,
  0.002564102564102564,
  0.002564102564102564,
  0.002564102564102564,
  0.002564102564102564,
  0.002564102564102564,
  0.0794871794871795,
  0.05384615384615385,
  0.1564102564102564,
  0.002564102564102564,
  0.002564102564102564,
  0.002564102564102564],
 [0.002272727272727273,
  0.002272727272727273,
  0.18409090909090908,
  0.002272727272727273,
  0.002272727272727273,
  0.002272727272727273,
  0.002272727272727273,
  0.025,
  0.27499999999999997,
  0.002272727272727273,
  0.002272727272727273,
  0.002272727272727273,
  0.002272727272727273,
  0.20681818181818182,
  0.002272727272727273,
  0.002272727272727273,
  0.002272727272727273,
  0.002272727272727273,
  0.27499999999999997,
  0.002272727272727273],
 [0.004545454545454545,
  0.049999999999999996,
  0.18636363636363631,
  0.004545454545454545,
  0.5954545454545453,
  0.004545454545454545,
  0.004545454545454545,
  0.004545454545454545,
  0.004545454545454545,
  0.004545454545454545,
  0.004545454545454545,
  0.004545454545454545,
  0.004545454545454545,
  0.09545454545454544,
  0.004545454545454545,
  0.004545454545454545,
  0.004545454545454545,
  0.004545454545454545,
  0.004545454545454545,
  0.004545454545454545],
 [0.22407407407407406,
  0.03888888888888889,
  0.03888888888888889,
  0.001851851851851852,
  0.001851851851851852,
  0.11296296296296296,
  0.001851851851851852,
  0.001851851851851852,
  0.22407407407407406,
  0.03888888888888889,
  0.001851851851851852,
  0.03888888888888889,
  0.13148148148148148,
  0.001851851851851852,
  0.03888888888888889,
  0.09444444444444444,
  0.001851851851851852,
  0.001851851851851852,
  0.001851851851851852,
  0.001851851851851852],
 [0.00196078431372549,
  0.00196078431372549,
  0.00196078431372549,
  0.00196078431372549,
  0.00196078431372549,
  0.09999999999999999,
  0.00196078431372549,
  0.00196078431372549,
  0.31568627450980397,
  0.021568627450980395,
  0.1196078431372549,
  0.00196078431372549,
  0.2568627450980392,
  0.00196078431372549,
  0.1588235294117647,
  0.00196078431372549,
  0.00196078431372549,
  0.00196078431372549,
  0.00196078431372549,
  0.00196078431372549],
 [0.08611111111111111,
  0.002777777777777778,
  0.28055555555555556,
  0.002777777777777778,
  0.002777777777777778,
  0.002777777777777778,
  0.002777777777777778,
  0.28055555555555556,
  0.14166666666666666,
  0.002777777777777778,
  0.08611111111111111,
  0.002777777777777778,
  0.002777777777777778,
  0.002777777777777778,
  0.002777777777777778,
  0.002777777777777778,
  0.002777777777777778,
  0.002777777777777778,
  0.030555555555555558,
  0.058333333333333334],
 [0.06595744680851064,
  0.002127659574468085,
  0.002127659574468085,
  0.002127659574468085,
  0.002127659574468085,
  0.002127659574468085,
  0.002127659574468085,
  0.002127659574468085,
  0.04468085106382979,
  0.002127659574468085,
  0.002127659574468085,
  0.002127659574468085,
  0.15106382978723404,
  0.002127659574468085,
  0.1723404255319149,
  0.32127659574468087,
  0.002127659574468085,
  0.002127659574468085,
  0.2148936170212766,
  0.002127659574468085],
 [0.0023809523809523807,
  0.0023809523809523807,
  0.169047619047619,
  0.0023809523809523807,
  0.0023809523809523807,
  0.049999999999999996,
  0.026190476190476188,
  0.6214285714285713,
  0.0023809523809523807,
  0.09761904761904759,
  0.0023809523809523807,
  0.0023809523809523807,
  0.0023809523809523807,
  0.0023809523809523807,
  0.0023809523809523807,
  0.0023809523809523807,
  0.0023809523809523807,
  0.0023809523809523807,
  0.0023809523809523807,
  0.0023809523809523807],
 [0.16486486486486485,
  0.002702702702702703,
  0.1108108108108108,
  0.002702702702702703,
  0.35405405405405405,
  0.1108108108108108,
  0.002702702702702703,
  0.16486486486486485,
  0.05675675675675676,
  0.002702702702702703,
  0.002702702702702703,
  0.002702702702702703,
  0.002702702702702703,
  0.002702702702702703,
  0.002702702702702703,
  0.002702702702702703,
  0.002702702702702703,
  0.002702702702702703,
  0.002702702702702703,
  0.002702702702702703],
 [0.0025641025641025637,
  0.1051282051282051,
  0.0025641025641025637,
  0.0025641025641025637,
  0.0025641025641025637,
  0.0025641025641025637,
  0.0025641025641025637,
  0.028205128205128202,
  0.0025641025641025637,
  0.0025641025641025637,
  0.0025641025641025637,
  0.0025641025641025637,
  0.0025641025641025637,
  0.07948717948717947,
  0.0025641025641025637,
  0.0025641025641025637,
  0.0025641025641025637,
  0.18205128205128202,
  0.5666666666666667,
  0.0025641025641025637],
 [0.0023255813953488367,
  0.0023255813953488367,
  0.048837209302325574,
  0.21162790697674413,
  0.0023255813953488367,
  0.048837209302325574,
  0.0023255813953488367,
  0.0023255813953488367,
  0.0023255813953488367,
  0.0023255813953488367,
  0.0023255813953488367,
  0.0023255813953488367,
  0.025581395348837205,
  0.0023255813953488367,
  0.14186046511627903,
  0.0023255813953488367,
  0.025581395348837205,
  0.0023255813953488367,
  0.4674418604651162,
  0.0023255813953488367],
 [0.002631578947368421,
  0.002631578947368421,
  0.13421052631578947,
  0.002631578947368421,
  0.002631578947368421,
  0.002631578947368421,
  0.002631578947368421,
  0.42368421052631583,
  0.002631578947368421,
  0.002631578947368421,
  0.13421052631578947,
  0.2394736842105263,
  0.002631578947368421,
  0.002631578947368421,
  0.002631578947368421,
  0.002631578947368421,
  0.002631578947368421,
  0.028947368421052635,
  0.002631578947368421,
  0.002631578947368421],
 [0.0038461538461538464,
  0.11923076923076924,
  0.0038461538461538464,
  0.0038461538461538464,
  0.0038461538461538464,
  0.0038461538461538464,
  0.0038461538461538464,
  0.0038461538461538464,
  0.31153846153846154,
  0.0038461538461538464,
  0.04230769230769231,
  0.0038461538461538464,
  0.0038461538461538464,
  0.0038461538461538464,
  0.0038461538461538464,
  0.0038461538461538464,
  0.0038461538461538464,
  0.0038461538461538464,
  0.4653846153846154,
  0.0038461538461538464],
 [0.1392156862745098,
  0.00196078431372549,
  0.00196078431372549,
  0.00196078431372549,
  0.00196078431372549,
  0.00196078431372549,
  0.00196078431372549,
  0.21764705882352942,
  0.00196078431372549,
  0.00196078431372549,
  0.00196078431372549,
  0.00196078431372549,
  0.00196078431372549,
  0.00196078431372549,
  0.00196078431372549,
  0.00196078431372549,
  0.09999999999999999,
  0.00196078431372549,
  0.511764705882353,
  0.00196078431372549],
 [0.0030303030303030303,
  0.0030303030303030303,
  0.0030303030303030303,
  0.0030303030303030303,
  0.15454545454545454,
  0.03333333333333333,
  0.0030303030303030303,
  0.0030303030303030303,
  0.0030303030303030303,
  0.0030303030303030303,
  0.0030303030303030303,
  0.0030303030303030303,
  0.27575757575757576,
  0.18484848484848485,
  0.27575757575757576,
  0.0030303030303030303,
  0.0030303030303030303,
  0.03333333333333333,
  0.0030303030303030303,
  0.0030303030303030303],
 [0.0019230769230769232,
  0.5403846153846155,
  0.0019230769230769232,
  0.175,
  0.0019230769230769232,
  0.05961538461538462,
  0.021153846153846155,
  0.15576923076923077,
  0.0019230769230769232,
  0.021153846153846155,
  0.0019230769230769232,
  0.0019230769230769232,
  0.0019230769230769232,
  0.0019230769230769232,
  0.0019230769230769232,
  0.0019230769230769232,
  0.0019230769230769232,
  0.0019230769230769232,
  0.0019230769230769232,
  0.0019230769230769232],
 [0.002857142857142857,
  0.060000000000000005,
  0.43142857142857144,
  0.002857142857142857,
  0.002857142857142857,
  0.002857142857142857,
  0.002857142857142857,
  0.17428571428571427,
  0.002857142857142857,
  0.002857142857142857,
  0.002857142857142857,
  0.002857142857142857,
  0.08857142857142858,
  0.002857142857142857,
  0.20285714285714285,
  0.002857142857142857,
  0.002857142857142857,
