LDA_mashup_20_cate_data_filter=[[0.0047619047619047615,
  0.48095238095238085,
  0.0047619047619047615,
  0.0047619047619047615,
  0.0047619047619047615,
  0.0047619047619047615,
  0.0047619047619047615,
  0.0047619047619047615,
  0.0047619047619047615,
  0.0047619047619047615,
  0.0047619047619047615,
  0.09999999999999999,
  0.338095238095238,
  0.0047619047619047615,
  0.0047619047619047615,
  0.0047619047619047615,
  0.0047619047619047615,
  0.0047619047619047615,
  0.0047619047619047615,
  0.0047619047619047615],
 [0.004347826086956522,
  0.09130434782608696,
  0.004347826086956522,
  0.004347826086956522,
  0.004347826086956522,
  0.004347826086956522,
  0.004347826086956522,
  0.004347826086956522,
  0.004347826086956522,
  0.004347826086956522,
  0.004347826086956522,
  0.004347826086956522,
  0.6565217391304348,
  0.004347826086956522,
  0.004347826086956522,
  0.004347826086956522,
  0.004347826086956522,
  0.004347826086956522,
  0.004347826086956522,
  0.1782608695652174],
 [0.004166666666666667,
  0.5041666666666665,
  0.04583333333333333,
  0.004166666666666667,
  0.004166666666666667,
  0.004166666666666667,
  0.004166666666666667,
  0.004166666666666667,
  0.004166666666666667,
  0.004166666666666667,
  0.004166666666666667,
  0.3374999999999999,
  0.004166666666666667,
  0.004166666666666667,
  0.004166666666666667,
  0.004166666666666667,
  0.004166666666666667,
  0.004166666666666667,
  0.004166666666666667,
  0.04583333333333333],
 [0.002777777777777778,
  0.030555555555555558,
  0.030555555555555558,
  0.002777777777777778,
  0.002777777777777778,
  0.08611111111111111,
  0.058333333333333334,
  0.002777777777777778,
  0.22499999999999998,
  0.058333333333333334,
  0.002777777777777778,
  0.3638888888888889,
  0.002777777777777778,
  0.058333333333333334,
  0.002777777777777778,
  0.002777777777777778,
  0.002777777777777778,
  0.058333333333333334,
  0.002777777777777778,
  0.002777777777777778],
 [0.005263157894736842,
  0.005263157894736842,
  0.005263157894736842,
  0.1105263157894737,
  0.005263157894736842,
  0.005263157894736842,
  0.005263157894736842,
  0.005263157894736842,
  0.005263157894736842,
  0.005263157894736842,
  0.05789473684210527,
  0.32105263157894737,
  0.005263157894736842,
  0.005263157894736842,
  0.005263157894736842,
  0.005263157894736842,
  0.1105263157894737,
  0.005263157894736842,
  0.32105263157894737,
  0.005263157894736842],
 [0.003125,
  0.096875,
  0.003125,
  0.221875,
  0.003125,
  0.003125,
  0.034375,
  0.003125,
  0.003125,
  0.128125,
  0.128125,
  0.003125,
  0.003125,
  0.034375,
  0.003125,
  0.096875,
  0.221875,
  0.003125,
  0.003125,
  0.003125],
 [0.008333333333333335,
  0.09166666666666669,
  0.008333333333333335,
  0.008333333333333335,
  0.008333333333333335,
  0.008333333333333335,
  0.008333333333333335,
  0.5916666666666667,
  0.008333333333333335,
  0.17500000000000004,
  0.008333333333333335,
  0.008333333333333335,
  0.008333333333333335,
  0.008333333333333335,
  0.008333333333333335,
  0.008333333333333335,
  0.008333333333333335,
  0.008333333333333335,
  0.008333333333333335,
  0.008333333333333335],
 [0.004999999999999999,
  0.004999999999999999,
  0.05499999999999999,
  0.004999999999999999,
  0.004999999999999999,
  0.3549999999999999,
  0.004999999999999999,
  0.004999999999999999,
  0.004999999999999999,
  0.004999999999999999,
  0.05499999999999999,
  0.4049999999999999,
  0.004999999999999999,
  0.05499999999999999,
  0.004999999999999999,
  0.004999999999999999,
  0.004999999999999999,
  0.004999999999999999,
  0.004999999999999999,
  0.004999999999999999],
 [0.009090909090909092,
  0.009090909090909092,
  0.009090909090909092,
  0.1,
  0.009090909090909092,
  0.009090909090909092,
  0.1,
  0.009090909090909092,
  0.009090909090909092,
  0.009090909090909092,
  0.009090909090909092,
  0.1,
  0.1,
  0.009090909090909092,
  0.009090909090909092,
  0.009090909090909092,
  0.2818181818181818,
  0.19090909090909092,
  0.009090909090909092,
  0.009090909090909092],
 [0.003571428571428571,
  0.003571428571428571,
  0.003571428571428571,
  0.003571428571428571,
  0.003571428571428571,
  0.003571428571428571,
  0.07499999999999998,
  0.003571428571428571,
  0.03928571428571428,
  0.003571428571428571,
  0.003571428571428571,
  0.5035714285714284,
  0.003571428571428571,
  0.03928571428571428,
  0.003571428571428571,
  0.003571428571428571,
  0.18214285714285708,
  0.003571428571428571,
  0.003571428571428571,
  0.1107142857142857],
 [0.003703703703703704,
  0.003703703703703704,
  0.003703703703703704,
  0.003703703703703704,
  0.003703703703703704,
  0.5592592592592592,
  0.003703703703703704,
  0.003703703703703704,
  0.003703703703703704,
  0.003703703703703704,
  0.003703703703703704,
  0.003703703703703704,
  0.11481481481481481,
  0.003703703703703704,
  0.003703703703703704,
  0.003703703703703704,
  0.003703703703703704,
  0.26296296296296295,
  0.003703703703703704,
  0.003703703703703704],
 [0.03235294117647059,
  0.03235294117647059,
  0.0029411764705882353,
  0.0029411764705882353,
  0.0029411764705882353,
  0.061764705882352944,
  0.03235294117647059,
  0.0029411764705882353,
  0.0029411764705882353,
  0.03235294117647059,
  0.0029411764705882353,
  0.2676470588235294,
  0.17941176470588235,
  0.0029411764705882353,
  0.0029411764705882353,
  0.0029411764705882353,
  0.0029411764705882353,
  0.23823529411764705,
  0.0029411764705882353,
  0.0911764705882353],
 [0.003225806451612903,
  0.06774193548387096,
  0.19677419354838704,
  0.003225806451612903,
  0.003225806451612903,
  0.003225806451612903,
  0.003225806451612903,
  0.003225806451612903,
  0.003225806451612903,
  0.06774193548387096,
  0.003225806451612903,
  0.003225806451612903,
  0.2935483870967741,
  0.003225806451612903,
  0.06774193548387096,
  0.03548387096774193,
  0.003225806451612903,
  0.22903225806451608,
  0.003225806451612903,
  0.003225806451612903],
 [0.003125,
  0.003125,
  0.003125,
  0.034375,
  0.065625,
  0.409375,
  0.034375,
  0.003125,
  0.003125,
  0.003125,
  0.003125,
  0.346875,
  0.003125,
  0.003125,
  0.003125,
  0.003125,
  0.065625,
  0.003125,
  0.003125,
  0.003125],
 [0.004999999999999998,
  0.004999999999999998,
  0.004999999999999998,
  0.15499999999999994,
  0.004999999999999998,
  0.004999999999999998,
  0.054999999999999986,
  0.004999999999999998,
  0.004999999999999998,
  0.2549999999999999,
  0.004999999999999998,
  0.004999999999999998,
  0.10499999999999997,
  0.004999999999999998,
  0.004999999999999998,
  0.004999999999999998,
  0.35499999999999987,
  0.004999999999999998,
  0.004999999999999998,
  0.004999999999999998],
 [0.011111111111111112,
  0.34444444444444444,
  0.12222222222222223,
  0.011111111111111112,
  0.011111111111111112,
  0.34444444444444444,
  0.011111111111111112,
  0.011111111111111112,
  0.011111111111111112,
  0.011111111111111112,
  0.011111111111111112,
  0.011111111111111112,
  0.011111111111111112,
  0.011111111111111112,
  0.011111111111111112,
  0.011111111111111112,
  0.011111111111111112,
  0.011111111111111112,
  0.011111111111111112,
  0.011111111111111112],
 [0.004545454545454545,
  0.2772727272727272,
  0.3681818181818181,
  0.004545454545454545,
  0.004545454545454545,
  0.004545454545454545,
  0.004545454545454545,
  0.004545454545454545,
  0.004545454545454545,
  0.004545454545454545,
  0.004545454545454545,
  0.23181818181818176,
  0.004545454545454545,
  0.004545454545454545,
  0.004545454545454545,
  0.004545454545454545,
  0.004545454545454545,
  0.004545454545454545,
  0.004545454545454545,
  0.049999999999999996],
 [0.006250000000000001,
  0.006250000000000001,
  0.006250000000000001,
  0.006250000000000001,
  0.006250000000000001,
  0.006250000000000001,
  0.06875000000000002,
  0.006250000000000001,
  0.13125000000000003,
  0.006250000000000001,
  0.006250000000000001,
  0.006250000000000001,
  0.006250000000000001,
  0.006250000000000001,
  0.006250000000000001,
  0.44375000000000003,
  0.006250000000000001,
  0.25625000000000003,
  0.006250000000000001,
  0.006250000000000001],
 [0.2928571428571428,
  0.07857142857142858,
  0.0071428571428571435,
  0.0071428571428571435,
  0.15,
  0.0071428571428571435,
  0.07857142857142858,
  0.0071428571428571435,
  0.0071428571428571435,
  0.07857142857142858,
  0.0071428571428571435,
  0.0071428571428571435,
  0.0071428571428571435,
  0.07857142857142858,
  0.0071428571428571435,
  0.0071428571428571435,
  0.15,
  0.0071428571428571435,
  0.0071428571428571435,
  0.0071428571428571435],
 [0.009090909090909092,
  0.009090909090909092,
  0.009090909090909092,
  0.009090909090909092,
  0.009090909090909092,
  0.009090909090909092,
  0.009090909090909092,
  0.009090909090909092,
  0.009090909090909092,
  0.19090909090909092,
  0.009090909090909092,
  0.2818181818181818,
  0.009090909090909092,
  0.009090909090909092,
  0.009090909090909092,
  0.19090909090909092,
  0.19090909090909092,
  0.009090909090909092,
  0.009090909090909092,
  0.009090909090909092],
 [0.2833333333333332,
  0.005555555555555554,
  0.005555555555555554,
  0.17222222222222217,
  0.061111111111111095,
  0.11666666666666663,
  0.005555555555555554,
  0.005555555555555554,
  0.005555555555555554,
  0.005555555555555554,
  0.005555555555555554,
  0.005555555555555554,
  0.005555555555555554,
  0.005555555555555554,
  0.11666666666666663,
  0.005555555555555554,
  0.11666666666666663,
  0.061111111111111095,
  0.005555555555555554,
  0.005555555555555554],
 [0.005,
  0.005,
  0.005,
  0.005,
  0.05500000000000001,
  0.005,
  0.005,
  0.305,
  0.05500000000000001,
  0.005,
  0.005,
  0.005,
  0.05500000000000001,
  0.005,
  0.005,
  0.005,
  0.255,
  0.005,
  0.005,
  0.205],
 [0.009090909090909092,
  0.009090909090909092,
  0.19090909090909094,
  0.009090909090909092,
  0.009090909090909092,
  0.009090909090909092,
  0.19090909090909094,
  0.009090909090909092,
  0.009090909090909092,
  0.009090909090909092,
  0.009090909090909092,
  0.009090909090909092,
  0.009090909090909092,
  0.009090909090909092,
  0.009090909090909092,
  0.009090909090909092,
  0.4636363636363637,
  0.009090909090909092,
  0.009090909090909092,
  0.009090909090909092],
 [0.00526315789473684,
  0.26842105263157884,
  0.00526315789473684,
  0.26842105263157884,
  0.00526315789473684,
  0.05789473684210525,
  0.00526315789473684,
  0.05789473684210525,
  0.00526315789473684,
  0.00526315789473684,
  0.00526315789473684,
  0.11052631578947365,
  0.00526315789473684,
  0.00526315789473684,
  0.00526315789473684,
  0.11052631578947365,
  0.05789473684210525,
  0.00526315789473684,
  0.00526315789473684,
  0.00526315789473684],
 [0.0032258064516129032,
  0.2612903225806451,
  0.39032258064516123,
  0.0032258064516129032,
  0.0032258064516129032,
  0.06774193548387096,
  0.09999999999999999,
  0.0032258064516129032,
  0.0032258064516129032,
  0.0032258064516129032,
  0.0032258064516129032,
  0.0032258064516129032,
  0.06774193548387096,
  0.0032258064516129032,
  0.0032258064516129032,
  0.0032258064516129032,
  0.035483870967741936,
  0.035483870967741936,
  0.0032258064516129032,
  0.0032258064516129032],
 [0.22000000000000006,
  0.020000000000000004,
  0.020000000000000004,
  0.020000000000000004,
  0.020000000000000004,
  0.22000000000000006,
  0.020000000000000004,
  0.020000000000000004,
  0.020000000000000004,
  0.22000000000000006,
  0.020000000000000004,
  0.020000000000000004,
  0.020000000000000004,
  0.020000000000000004,
  0.020000000000000004,
  0.020000000000000004,
  0.020000000000000004,
  0.020000000000000004,
  0.020000000000000004,
  0.020000000000000004],
 [0.054999999999999986,
  0.004999999999999998,
  0.2549999999999999,
  0.004999999999999998,
  0.004999999999999998,
  0.10499999999999997,
  0.15499999999999994,
  0.004999999999999998,
  0.054999999999999986,
  0.004999999999999998,
  0.004999999999999998,
  0.3049999999999999,
  0.004999999999999998,
  0.004999999999999998,
  0.004999999999999998,
  0.004999999999999998,
  0.004999999999999998,
  0.004999999999999998,
  0.004999999999999998,
  0.004999999999999998],
 [0.008333333333333335,
  0.008333333333333335,
  0.008333333333333335,
  0.008333333333333335,
  0.008333333333333335,
  0.008333333333333335,
  0.008333333333333335,
  0.008333333333333335,
  0.008333333333333335,
  0.09166666666666669,
  0.008333333333333335,
  0.008333333333333335,
  0.42500000000000004,
  0.008333333333333335,
  0.008333333333333335,
  0.008333333333333335,
  0.25833333333333336,
  0.008333333333333335,
  0.008333333333333335,
  0.09166666666666669],
 [0.2217391304347826,
  0.1782608695652174,
  0.004347826086956522,
  0.004347826086956522,
  0.1782608695652174,
  0.004347826086956522,
  0.004347826086956522,
  0.04782608695652174,
  0.004347826086956522,
  0.004347826086956522,
  0.004347826086956522,
  0.004347826086956522,
  0.004347826086956522,
  0.004347826086956522,
  0.004347826086956522,
  0.004347826086956522,
  0.004347826086956522,
  0.13478260869565217,
  0.004347826086956522,
  0.1782608695652174],
 [0.05675675675675676,
  0.27297297297297296,
  0.19189189189189187,
  0.002702702702702703,
  0.002702702702702703,
  0.08378378378378379,
  0.02972972972972973,
  0.002702702702702703,
  0.002702702702702703,
  0.002702702702702703,
  0.002702702702702703,
  0.002702702702702703,
  0.002702702702702703,
  0.02972972972972973,
  0.002702702702702703,
  0.05675675675675676,
  0.002702702702702703,
  0.002702702702702703,
  0.24594594594594593,
  0.002702702702702703],
 [0.22142857142857145,
  0.0071428571428571435,
  0.0071428571428571435,
  0.0071428571428571435,
  0.0071428571428571435,
  0.0071428571428571435,
  0.22142857142857145,
  0.0071428571428571435,
  0.0071428571428571435,
  0.0071428571428571435,
  0.0071428571428571435,
  0.22142857142857145,
  0.0071428571428571435,
  0.0071428571428571435,
  0.22142857142857145,
  0.0071428571428571435,
  0.0071428571428571435,
  0.0071428571428571435,
  0.0071428571428571435,
  0.0071428571428571435],
 [0.005555555555555555,
  0.005555555555555555,
  0.005555555555555555,
  0.005555555555555555,
  0.28333333333333327,
  0.005555555555555555,
  0.005555555555555555,
  0.005555555555555555,
  0.28333333333333327,
  0.005555555555555555,
  0.005555555555555555,
  0.005555555555555555,
  0.005555555555555555,
  0.005555555555555555,
  0.005555555555555555,
  0.005555555555555555,
  0.28333333333333327,
  0.0611111111111111,
  0.005555555555555555,
  0.005555555555555555],
 [0.006250000000000001,
  0.006250000000000001,
  0.13125000000000003,
  0.006250000000000001,
  0.006250000000000001,
  0.006250000000000001,
  0.006250000000000001,
  0.006250000000000001,
  0.006250000000000001,
  0.006250000000000001,
  0.006250000000000001,
  0.006250000000000001,
  0.19375000000000003,
  0.006250000000000001,
  0.006250000000000001,
  0.006250000000000001,
  0.5687500000000001,
  0.006250000000000001,
  0.006250000000000001,
  0.006250000000000001],
 [0.006666666666666668,
  0.34,
  0.006666666666666668,
  0.006666666666666668,
  0.006666666666666668,
  0.006666666666666668,
  0.006666666666666668,
  0.006666666666666668,
  0.006666666666666668,
  0.006666666666666668,
  0.006666666666666668,
  0.006666666666666668,
  0.006666666666666668,
  0.006666666666666668,
  0.006666666666666668,
  0.006666666666666668,
  0.4066666666666667,
  0.006666666666666668,
  0.006666666666666668,
  0.14],
 [0.006666666666666668,
  0.14,
  0.006666666666666668,
  0.006666666666666668,
  0.006666666666666668,
  0.006666666666666668,
  0.006666666666666668,
  0.07333333333333335,
  0.006666666666666668,
  0.006666666666666668,
  0.006666666666666668,
  0.006666666666666668,
  0.34,
  0.006666666666666668,
  0.006666666666666668,
  0.006666666666666668,
  0.2733333333333333,
  0.006666666666666668,
  0.006666666666666668,
  0.07333333333333335],
 [0.10333333333333332,
  0.06999999999999999,
  0.003333333333333333,
  0.003333333333333333,
  0.003333333333333333,
  0.003333333333333333,
  0.003333333333333333,
  0.03666666666666667,
  0.003333333333333333,
  0.10333333333333332,
  0.003333333333333333,
  0.003333333333333333,
  0.003333333333333333,
  0.13666666666666663,
  0.03666666666666667,
  0.003333333333333333,
  0.003333333333333333,
  0.4699999999999999,
  0.003333333333333333,
  0.003333333333333333],
 [0.16315789473684209,
  0.005263157894736841,
  0.005263157894736841,
  0.057894736842105256,
  0.005263157894736841,
  0.4263157894736841,
  0.005263157894736841,
  0.005263157894736841,
  0.005263157894736841,
  0.057894736842105256,
  0.005263157894736841,
  0.005263157894736841,
  0.005263157894736841,
  0.005263157894736841,
  0.005263157894736841,
  0.057894736842105256,
  0.005263157894736841,
  0.16315789473684209,
  0.005263157894736841,
  0.005263157894736841],
 [0.4066666666666667,
  0.006666666666666668,
  0.006666666666666668,
  0.2733333333333333,
  0.006666666666666668,
  0.006666666666666668,
  0.006666666666666668,
  0.006666666666666668,
  0.07333333333333335,
  0.006666666666666668,
  0.006666666666666668,
  0.07333333333333335,
  0.006666666666666668,
  0.006666666666666668,
  0.006666666666666668,
  0.07333333333333335,
  0.006666666666666668,
  0.006666666666666668,
  0.006666666666666668,
  0.006666666666666668],
 [0.006666666666666668,
  0.006666666666666668,
  0.006666666666666668,
  0.006666666666666668,
  0.006666666666666668,
  0.006666666666666668,
  0.006666666666666668,
  0.006666666666666668,
  0.006666666666666668,
  0.006666666666666668,
  0.006666666666666668,
  0.006666666666666668,
  0.4733333333333334,
  0.006666666666666668,
  0.006666666666666668,
  0.006666666666666668,
  0.4066666666666667,
  0.006666666666666668,
  0.006666666666666668,
  0.006666666666666668],
 [0.0005181347150259067,
  0.1922279792746114,
  0.04715025906735751,
  0.15595854922279795,
  0.0005181347150259067,
  0.0005181347150259067,
  0.0005181347150259067,
  0.24922279792746116,
  0.0005181347150259067,
  0.06269430051813471,
  0.005699481865284975,
  0.0005181347150259067,
  0.0005181347150259067,
  0.0005181347150259067,
  0.09378238341968913,
  0.0005181347150259067,
  0.07823834196891191,
  0.0005181347150259067,
  0.08860103626943006,
  0.021243523316062173],
 [0.37916666666666665,
  0.004166666666666667,
  0.004166666666666667,
  0.1708333333333333,
  0.08750000000000001,
  0.004166666666666667,
  0.004166666666666667,
  0.004166666666666667,
  0.004166666666666667,
  0.004166666666666667,
  0.004166666666666667,
  0.004166666666666667,
  0.004166666666666667,
  0.004166666666666667,
  0.004166666666666667,
  0.004166666666666667,
  0.29583333333333334,
  0.004166666666666667,
  0.004166666666666667,
  0.004166666666666667],
 [0.6937500000000001,
  0.006250000000000001,
  0.006250000000000001,
  0.006250000000000001,
  0.006250000000000001,
  0.006250000000000001,
  0.006250000000000001,
  0.006250000000000001,
  0.006250000000000001,
  0.006250000000000001,
  0.006250000000000001,
  0.006250000000000001,
  0.006250000000000001,
  0.006250000000000001,
  0.006250000000000001,
  0.006250000000000001,
  0.19375000000000003,
  0.006250000000000001,
  0.006250000000000001,
  0.006250000000000001],
 [0.006250000000000001,
  0.006250000000000001,
  0.006250000000000001,
  0.006250000000000001,
  0.006250000000000001,
  0.006250000000000001,
  0.006250000000000001,
  0.006250000000000001,
  0.006250000000000001,
  0.06875000000000002,
  0.06875000000000002,
  0.006250000000000001,
  0.31875000000000003,
  0.13125000000000003,
  0.006250000000000001,
  0.006250000000000001,
  0.25625000000000003,
  0.006250000000000001,
  0.06875000000000002,
  0.006250000000000001],
 [0.00625,
  0.00625,
  0.00625,
  0.00625,
  0.13125,
  0.00625,
  0.00625,
  0.00625,
  0.13125,
  0.19375,
  0.00625,
  0.00625,
  0.00625,
  0.00625,
  0.00625,
  0.00625,
  0.31875,
  0.00625,
  0.00625,
  0.13125],
 [0.0033333333333333335,
  0.0033333333333333335,
  0.0033333333333333335,
  0.0033333333333333335,
  0.2033333333333333,
  0.26999999999999996,
  0.10333333333333333,
  0.03666666666666667,
  0.0033333333333333335,
  0.0033333333333333335,
  0.0033333333333333335,
  0.0033333333333333335,
  0.0033333333333333335,
  0.13666666666666666,
  0.0033333333333333335,
  0.0033333333333333335,
  0.0033333333333333335,
  0.0033333333333333335,
  0.2033333333333333,
  0.0033333333333333335],
 [0.003448275862068966,
  0.07241379310344828,
  0.003448275862068966,
  0.003448275862068966,
  0.03793103448275863,
  0.003448275862068966,
  0.003448275862068966,
  0.003448275862068966,
  0.003448275862068966,
  0.003448275862068966,
  0.003448275862068966,
  0.38275862068965516,
  0.003448275862068966,
  0.07241379310344828,
  0.003448275862068966,
  0.003448275862068966,
  0.38275862068965516,
  0.003448275862068966,
  0.003448275862068966,
  0.003448275862068966],
 [0.11666666666666663,
  0.17222222222222217,
  0.005555555555555554,
  0.17222222222222217,
  0.17222222222222217,
  0.17222222222222217,
  0.005555555555555554,
  0.11666666666666663,
  0.005555555555555554,
  0.005555555555555554,
  0.005555555555555554,
  0.005555555555555554,
  0.005555555555555554,
  0.005555555555555554,
  0.005555555555555554,
  0.005555555555555554,
  0.005555555555555554,
  0.005555555555555554,
  0.005555555555555554,
  0.005555555555555554],
 [0.005,
  0.005,
  0.005,
  0.005,
  0.155,
  0.005,
  0.005,
  0.005,
  0.005,
  0.005,
  0.005,
  0.005,
  0.005,
  0.005,
  0.005,
  0.005,
  0.255,
  0.005,
  0.505,
  0.005],
 [0.043999999999999984,
  0.043999999999999984,
  0.003999999999999998,
  0.003999999999999998,
  0.003999999999999998,
  0.6839999999999997,
  0.003999999999999998,
  0.08399999999999996,
  0.003999999999999998,
  0.003999999999999998,
  0.003999999999999998,
  0.003999999999999998,
  0.003999999999999998,
  0.003999999999999998,
  0.003999999999999998,
  0.003999999999999998,
  0.043999999999999984,
  0.003999999999999998,
  0.003999999999999998,
  0.043999999999999984],
 [0.0611111111111111,
  0.005555555555555555,
  0.005555555555555555,
  0.0611111111111111,
  0.22777777777777772,
  0.561111111111111,
  0.005555555555555555,
  0.005555555555555555,
  0.005555555555555555,
  0.005555555555555555,
  0.005555555555555555,
  0.005555555555555555,
  0.005555555555555555,
  0.005555555555555555,
  0.005555555555555555,
  0.005555555555555555,
  0.005555555555555555,
  0.005555555555555555,
  0.005555555555555555,
  0.005555555555555555],
 [0.004761904761904762,
  0.3857142857142857,
  0.004761904761904762,
  0.004761904761904762,
  0.004761904761904762,
  0.004761904761904762,
  0.004761904761904762,
  0.004761904761904762,
  0.14761904761904762,
  0.004761904761904762,
  0.004761904761904762,
  0.004761904761904762,
  0.14761904761904762,
  0.004761904761904762,
  0.004761904761904762,
  0.004761904761904762,
  0.004761904761904762,
  0.24285714285714283,
  0.004761904761904762,
  0.004761904761904762],
 [0.6230769230769231,
  0.007692307692307694,
  0.007692307692307694,
  0.007692307692307694,
  0.007692307692307694,
  0.007692307692307694,
  0.007692307692307694,
  0.007692307692307694,
  0.007692307692307694,
  0.007692307692307694,
  0.007692307692307694,
  0.007692307692307694,
  0.007692307692307694,
  0.007692307692307694,
  0.007692307692307694,
  0.007692307692307694,
  0.2384615384615385,
  0.007692307692307694,
  0.007692307692307694,
  0.007692307692307694],
 [0.005263157894736842,
  0.05789473684210527,
  0.005263157894736842,
  0.005263157894736842,
  0.005263157894736842,
  0.005263157894736842,
  0.005263157894736842,
  0.005263157894736842,
  0.005263157894736842,
  0.005263157894736842,
  0.005263157894736842,
  0.1105263157894737,
  0.005263157894736842,
  0.1105263157894737,
  0.005263157894736842,
  0.005263157894736842,
  0.32105263157894737,
  0.005263157894736842,
  0.26842105263157895,
  0.05789473684210527],
 [0.004166666666666666,
  0.004166666666666666,
  0.004166666666666666,
  0.12916666666666662,
  0.004166666666666666,
  0.004166666666666666,
  0.004166666666666666,
  0.004166666666666666,
  0.004166666666666666,
  0.004166666666666666,
  0.04583333333333332,
  0.004166666666666666,
  0.04583333333333332,
  0.004166666666666666,
  0.004166666666666666,
  0.004166666666666666,
  0.5458333333333332,
  0.004166666666666666,
  0.17083333333333328,
  0.004166666666666666],
 [0.005555555555555556,
  0.2833333333333333,
  0.005555555555555556,
  0.22777777777777775,
  0.005555555555555556,
  0.005555555555555556,
  0.005555555555555556,
  0.005555555555555556,
  0.005555555555555556,
  0.005555555555555556,
  0.005555555555555556,
  0.005555555555555556,
  0.061111111111111116,
  0.005555555555555556,
  0.22777777777777775,
  0.005555555555555556,
  0.005555555555555556,
  0.005555555555555556,
  0.11666666666666667,
  0.005555555555555556],
 [0.004,
  0.004,
  0.004,
  0.12399999999999999,
  0.004,
  0.004,
  0.004,
  0.004,
  0.044,
  0.004,
  0.004,
  0.24399999999999994,
  0.4039999999999999,
  0.044,
  0.004,
  0.004,
  0.004,
  0.044,
  0.004,
  0.044],
 [0.005263157894736841,
  0.005263157894736841,
  0.057894736842105256,
  0.005263157894736841,
  0.005263157894736841,
  0.005263157894736841,
  0.005263157894736841,
  0.005263157894736841,
  0.005263157894736841,
  0.005263157894736841,
  0.005263157894736841,
  0.005263157894736841,
  0.3210526315789473,
  0.005263157894736841,
  0.005263157894736841,
  0.005263157894736841,
  0.4263157894736841,
  0.005263157894736841,
  0.005263157894736841,
  0.11052631578947367],
 [0.007142857142857144,
  0.007142857142857144,
  0.29285714285714287,
  0.007142857142857144,
  0.007142857142857144,
  0.007142857142857144,
  0.007142857142857144,
  0.07857142857142858,
  0.007142857142857144,
  0.007142857142857144,
  0.007142857142857144,
  0.007142857142857144,
  0.007142857142857144,
  0.007142857142857144,
  0.15000000000000002,
  0.29285714285714287,
  0.07857142857142858,
  0.007142857142857144,
  0.007142857142857144,
  0.007142857142857144],
 [0.0058823529411764705,
  0.0058823529411764705,
  0.0058823529411764705,
  0.0058823529411764705,
  0.0058823529411764705,
  0.24117647058823527,
  0.0058823529411764705,
  0.0058823529411764705,
  0.0058823529411764705,
  0.0058823529411764705,
  0.0058823529411764705,
  0.0058823529411764705,
  0.3588235294117647,
  0.0058823529411764705,
  0.0058823529411764705,
  0.0058823529411764705,
  0.0058823529411764705,
  0.3,
  0.0058823529411764705,
  0.0058823529411764705],
 [0.0071428571428571435,
  0.0071428571428571435,
  0.0071428571428571435,
  0.0071428571428571435,
  0.22142857142857145,
  0.0071428571428571435,
  0.0071428571428571435,
  0.0071428571428571435,
  0.0071428571428571435,
  0.0071428571428571435,
  0.07857142857142858,
  0.0071428571428571435,
  0.22142857142857145,
  0.0071428571428571435,
  0.0071428571428571435,
  0.22142857142857145,
  0.15,
  0.0071428571428571435,
  0.0071428571428571435,
  0.0071428571428571435],
 [0.009090909090909092,
  0.7363636363636364,
  0.009090909090909092,
  0.009090909090909092,
  0.009090909090909092,
  0.009090909090909092,
  0.009090909090909092,
  0.009090909090909092,
  0.009090909090909092,
  0.009090909090909092,
  0.009090909090909092,
  0.009090909090909092,
  0.009090909090909092,
  0.009090909090909092,
  0.009090909090909092,
  0.009090909090909092,
  0.10000000000000002,
  0.009090909090909092,
  0.009090909090909092,
  0.009090909090909092],
 [0.11666666666666663,
  0.005555555555555554,
  0.2833333333333332,
  0.005555555555555554,
  0.005555555555555554,
  0.005555555555555554,
  0.005555555555555554,
  0.005555555555555554,
  0.005555555555555554,
  0.061111111111111095,
  0.005555555555555554,
  0.005555555555555554,
  0.17222222222222217,
  0.005555555555555554,
  0.005555555555555554,
  0.005555555555555554,
  0.22777777777777766,
  0.005555555555555554,
  0.061111111111111095,
  0.005555555555555554],
 [0.18888888888888886,
  0.2259259259259259,
  0.0037037037037037034,
  0.07777777777777777,
  0.0037037037037037034,
  0.0037037037037037034,
  0.0037037037037037034,
  0.04074074074074074,
  0.0037037037037037034,
  0.0037037037037037034,
  0.0037037037037037034,
  0.29999999999999993,
  0.0037037037037037034,
  0.0037037037037037034,
  0.0037037037037037034,
  0.0037037037037037034,
  0.04074074074074074,
  0.0037037037037037034,
  0.0037037037037037034,
  0.07777777777777777],
 [0.005263157894736842,
  0.005263157894736842,
  0.1105263157894737,
  0.005263157894736842,
  0.005263157894736842,
  0.005263157894736842,
  0.005263157894736842,
  0.005263157894736842,
  0.005263157894736842,
  0.005263157894736842,
  0.005263157894736842,
  0.005263157894736842,
  0.005263157894736842,
  0.05789473684210527,
  0.005263157894736842,
  0.005263157894736842,
  0.531578947368421,
  0.005263157894736842,
  0.05789473684210527,
  0.1631578947368421],
 [0.004545454545454544,
  0.004545454545454544,
  0.004545454545454544,
  0.004545454545454544,
  0.14090909090909087,
  0.004545454545454544,
  0.04999999999999999,
  0.14090909090909087,
  0.004545454545454544,
  0.004545454545454544,
  0.004545454545454544,
  0.04999999999999999,
  0.04999999999999999,
  0.004545454545454544,
  0.04999999999999999,
  0.09545454545454543,
  0.36818181818181805,
  0.004545454545454544,
  0.004545454545454544,
  0.004545454545454544],
 [0.09166666666666669,
  0.008333333333333335,
  0.3416666666666667,
  0.09166666666666669,
  0.008333333333333335,
  0.008333333333333335,
  0.008333333333333335,
  0.008333333333333335,
  0.008333333333333335,
  0.09166666666666669,
  0.008333333333333335,
  0.008333333333333335,
  0.008333333333333335,
  0.008333333333333335,
  0.008333333333333335,
  0.008333333333333335,
  0.09166666666666669,
  0.008333333333333335,
  0.008333333333333335,
  0.17500000000000004],
 [0.11481481481481479,
  0.11481481481481479,
  0.003703703703703703,
  0.07777777777777777,
  0.07777777777777777,
  0.37407407407407395,
  0.003703703703703703,
  0.003703703703703703,
  0.003703703703703703,
  0.003703703703703703,
  0.003703703703703703,
  0.003703703703703703,
  0.003703703703703703,
  0.003703703703703703,
  0.003703703703703703,
  0.003703703703703703,
  0.003703703703703703,
  0.003703703703703703,
  0.003703703703703703,
  0.18888888888888883],
 [0.006250000000000001,
  0.006250000000000001,
  0.006250000000000001,
  0.006250000000000001,
  0.006250000000000001,
  0.006250000000000001,
  0.31875000000000003,
  0.006250000000000001,
  0.006250000000000001,
  0.006250000000000001,
  0.006250000000000001,
  0.006250000000000001,
  0.006250000000000001,
  0.13125000000000003,
  0.006250000000000001,
  0.006250000000000001,
  0.38125000000000003,
  0.006250000000000001,
  0.006250000000000001,
  0.06875000000000002],
 [0.00588235294117647,
  0.4176470588235293,
  0.12352941176470586,
  0.00588235294117647,
  0.00588235294117647,
  0.12352941176470586,
  0.00588235294117647,
  0.00588235294117647,
  0.00588235294117647,
  0.00588235294117647,
  0.00588235294117647,
  0.24117647058823521,
  0.00588235294117647,
  0.00588235294117647,
  0.00588235294117647,
  0.00588235294117647,
  0.00588235294117647,
  0.00588235294117647,
  0.00588235294117647,
  0.00588235294117647],
 [0.004999999999999999,
  0.30499999999999994,
  0.004999999999999999,
  0.004999999999999999,
  0.004999999999999999,
  0.10499999999999998,
  0.004999999999999999,
  0.004999999999999999,
  0.004999999999999999,
  0.3549999999999999,
  0.004999999999999999,
  0.004999999999999999,
  0.004999999999999999,
  0.05499999999999999,
  0.004999999999999999,
  0.004999999999999999,
  0.05499999999999999,
  0.004999999999999999,
  0.004999999999999999,
  0.05499999999999999],
 [0.004545454545454544,
  0.004545454545454544,
  0.004545454545454544,
  0.04999999999999999,
  0.004545454545454544,
  0.004545454545454544,
  0.1863636363636363,
  0.04999999999999999,
  0.004545454545454544,
  0.27727272727272717,
  0.004545454545454544,
  0.004545454545454544,
  0.14090909090909087,
  0.004545454545454544,
  0.004545454545454544,
  0.004545454545454544,
  0.09545454545454543,
  0.004545454545454544,
  0.004545454545454544,
  0.14090909090909087],
 [0.00588235294117647,
  0.5941176470588234,
  0.00588235294117647,
  0.00588235294117647,
  0.00588235294117647,
  0.00588235294117647,
  0.00588235294117647,
  0.06470588235294117,
  0.00588235294117647,
  0.00588235294117647,
  0.00588235294117647,
  0.00588235294117647,
  0.00588235294117647,
  0.00588235294117647,
  0.00588235294117647,
  0.00588235294117647,
  0.24117647058823521,
  0.00588235294117647,
  0.00588235294117647,
  0.00588235294117647],
 [0.004347826086956521,
  0.09130434782608694,
  0.004347826086956521,
  0.004347826086956521,
  0.004347826086956521,
  0.047826086956521734,
  0.004347826086956521,
  0.047826086956521734,
  0.17826086956521736,
  0.004347826086956521,
  0.004347826086956521,
  0.004347826086956521,
  0.004347826086956521,
  0.22173913043478255,
  0.004347826086956521,
  0.35217391304347817,
  0.004347826086956521,
  0.004347826086956521,
  0.004347826086956521,
  0.004347826086956521],
 [0.061764705882352944,
  0.0911764705882353,
  0.0029411764705882353,
  0.12058823529411763,
  0.061764705882352944,
  0.03235294117647059,
  0.0029411764705882353,
  0.0029411764705882353,
  0.0029411764705882353,
  0.0029411764705882353,
  0.0029411764705882353,
  0.3264705882352941,
  0.03235294117647059,
  0.0911764705882353,
  0.0029411764705882353,
  0.0029411764705882353,
  0.0029411764705882353,
  0.0029411764705882353,
  0.0029411764705882353,
  0.15],
 [0.075,
  0.0035714285714285713,
  0.0035714285714285713,
  0.0035714285714285713,
  0.11071428571428571,
  0.075,
  0.075,
  0.0035714285714285713,
  0.0035714285714285713,
  0.1464285714285714,
  0.0035714285714285713,
  0.075,
  0.0035714285714285713,
  0.0035714285714285713,
  0.32499999999999996,
  0.039285714285714285,
  0.0035714285714285713,
  0.039285714285714285,
  0.0035714285714285713,
  0.0035714285714285713],
 [0.006666666666666668,
  0.07333333333333335,
  0.006666666666666668,
  0.006666666666666668,
  0.006666666666666668,
  0.006666666666666668,
  0.14,
  0.006666666666666668,
  0.006666666666666668,
  0.006666666666666668,
  0.006666666666666668,
  0.2733333333333333,
  0.006666666666666668,
  0.006666666666666668,
  0.006666666666666668,
  0.006666666666666668,
  0.4066666666666667,
  0.006666666666666668,
  0.006666666666666668,
  0.006666666666666668],
 [0.005555555555555556,
  0.005555555555555556,
  0.005555555555555556,
  0.061111111111111116,
  0.005555555555555556,
  0.005555555555555556,
  0.005555555555555556,
  0.061111111111111116,
  0.005555555555555556,
  0.005555555555555556,
  0.005555555555555556,
  0.005555555555555556,
  0.5055555555555555,
  0.005555555555555556,
  0.005555555555555556,
  0.005555555555555556,
  0.005555555555555556,
  0.005555555555555556,
  0.22777777777777775,
  0.061111111111111116],
 [0.008333333333333335,
  0.3416666666666667,
  0.09166666666666669,
  0.008333333333333335,
  0.09166666666666669,
  0.3416666666666667,
  0.008333333333333335,
  0.008333333333333335,
  0.008333333333333335,
  0.008333333333333335,
  0.008333333333333335,
  0.008333333333333335,
  0.008333333333333335,
  0.008333333333333335,
  0.008333333333333335,
  0.008333333333333335,
  0.008333333333333335,
  0.008333333333333335,
  0.008333333333333335,
  0.008333333333333335],
 [0.17500000000000004,
  0.008333333333333335,
  0.008333333333333335,
  0.008333333333333335,
  0.008333333333333335,
  0.008333333333333335,
  0.008333333333333335,
  0.008333333333333335,
  0.008333333333333335,
  0.008333333333333335,
  0.008333333333333335,
  0.008333333333333335,
  0.008333333333333335,
  0.09166666666666669,
  0.008333333333333335,
  0.008333333333333335,
  0.5916666666666667,
  0.008333333333333335,
  0.008333333333333335,
  0.008333333333333335],
 [0.004166666666666667,
  0.004166666666666667,
  0.004166666666666667,
  0.004166666666666667,
  0.004166666666666667,
  0.004166666666666667,
  0.004166666666666667,
  0.004166666666666667,
  0.004166666666666667,
  0.004166666666666667,
  0.004166666666666667,
  0.29583333333333334,
  0.004166666666666667,
  0.25416666666666665,
  0.004166666666666667,
  0.004166666666666667,
  0.04583333333333334,
  0.1708333333333333,
  0.04583333333333334,
  0.12916666666666668],
 [0.00588235294117647,
  0.00588235294117647,
  0.00588235294117647,
  0.00588235294117647,
  0.00588235294117647,
  0.06470588235294117,
  0.00588235294117647,
  0.00588235294117647,
  0.00588235294117647,
  0.3588235294117646,
  0.00588235294117647,
  0.00588235294117647,
  0.476470588235294,
  0.00588235294117647,
  0.00588235294117647,
  0.00588235294117647,
  0.00588235294117647,
  0.00588235294117647,
  0.00588235294117647,
  0.00588235294117647],
 [0.0034482758620689655,
  0.14137931034482756,
  0.0034482758620689655,
  0.10689655172413792,
  0.2448275862068965,
  0.0034482758620689655,
  0.0034482758620689655,
  0.3137931034482758,
  0.0034482758620689655,
  0.0034482758620689655,
  0.03793103448275862,
  0.0034482758620689655,
  0.0034482758620689655,
  0.0034482758620689655,
  0.0034482758620689655,
  0.0034482758620689655,
  0.10689655172413792,
  0.0034482758620689655,
  0.0034482758620689655,
  0.0034482758620689655],
 [0.006666666666666668,
  0.006666666666666668,
  0.006666666666666668,
  0.006666666666666668,
  0.006666666666666668,
  0.006666666666666668,
  0.006666666666666668,
  0.006666666666666668,
  0.006666666666666668,
  0.006666666666666668,
  0.07333333333333335,
  0.34,
  0.14,
  0.006666666666666668,
  0.006666666666666668,
  0.006666666666666668,
  0.006666666666666668,
  0.2733333333333333,
  0.07333333333333335,
  0.006666666666666668],
 [0.006666666666666668,
  0.006666666666666668,
  0.006666666666666668,
  0.07333333333333335,
  0.006666666666666668,
  0.006666666666666668,
  0.006666666666666668,
  0.006666666666666668,
  0.006666666666666668,
  0.006666666666666668,
  0.006666666666666668,
  0.006666666666666668,
  0.006666666666666668,
  0.006666666666666668,
  0.006666666666666668,
  0.006666666666666668,
  0.4066666666666667,
  0.006666666666666668,
  0.4066666666666667,
  0.006666666666666668],
 [0.13750000000000004,
  0.012500000000000002,
  0.012500000000000002,
  0.13750000000000004,
  0.012500000000000002,
  0.012500000000000002,
  0.012500000000000002,
  0.012500000000000002,
  0.012500000000000002,
  0.012500000000000002,
  0.012500000000000002,
  0.012500000000000002,
  0.012500000000000002,
  0.012500000000000002,
  0.012500000000000002,
  0.012500000000000002,
  0.5125000000000001,
  0.012500000000000002,
  0.012500000000000002,
  0.012500000000000002],
 [0.011111111111111113,
  0.5666666666666668,
  0.011111111111111113,
  0.011111111111111113,
  0.011111111111111113,
  0.011111111111111113,
  0.011111111111111113,
  0.011111111111111113,
  0.011111111111111113,
  0.12222222222222226,
  0.011111111111111113,
  0.011111111111111113,
  0.011111111111111113,
  0.011111111111111113,
  0.011111111111111113,
  0.011111111111111113,
  0.011111111111111113,
  0.011111111111111113,
  0.011111111111111113,
  0.12222222222222226],
 [0.008333333333333335,
  0.008333333333333335,
  0.008333333333333335,
  0.008333333333333335,
  0.09166666666666669,
  0.008333333333333335,
  0.008333333333333335,
  0.008333333333333335,
  0.008333333333333335,
  0.5083333333333334,
  0.008333333333333335,
  0.008333333333333335,
  0.09166666666666669,
  0.008333333333333335,
  0.008333333333333335,
  0.008333333333333335,
  0.008333333333333335,
  0.008333333333333335,
  0.17500000000000004,
  0.008333333333333335],
 [0.009090909090909092,
  0.009090909090909092,
  0.009090909090909092,
  0.10000000000000002,
  0.009090909090909092,
  0.009090909090909092,
  0.009090909090909092,
  0.009090909090909092,
  0.009090909090909092,
  0.009090909090909092,
  0.009090909090909092,
  0.19090909090909094,
  0.009090909090909092,
