LDA_API_20_cate_data_filter=[[0.002702702702702703,
  0.08378378378378379,
  0.002702702702702703,
  0.002702702702702703,
  0.002702702702702703,
  0.002702702702702703,
  0.002702702702702703,
  0.002702702702702703,
  0.02972972972972973,
  0.08378378378378379,
  0.3810810810810811,
  0.05675675675675676,
  0.002702702702702703,
  0.002702702702702703,
  0.002702702702702703,
  0.002702702702702703,
  0.1108108108108108,
  0.002702702702702703,
  0.2189189189189189,
  0.002702702702702703],
 [0.0032258064516129032,
  0.06774193548387097,
  0.0032258064516129032,
  0.0032258064516129032,
  0.0032258064516129032,
  0.0032258064516129032,
  0.035483870967741936,
  0.0032258064516129032,
  0.0032258064516129032,
  0.3903225806451613,
  0.16451612903225804,
  0.0032258064516129032,
  0.0032258064516129032,
  0.0032258064516129032,
  0.16451612903225804,
  0.0032258064516129032,
  0.0032258064516129032,
  0.132258064516129,
  0.0032258064516129032,
  0.0032258064516129032],
 [0.3431818181818182,
  0.025,
  0.002272727272727273,
  0.025,
  0.002272727272727273,
  0.002272727272727273,
  0.002272727272727273,
  0.002272727272727273,
  0.002272727272727273,
  0.07045454545454545,
  0.22954545454545452,
  0.13863636363636364,
  0.002272727272727273,
  0.002272727272727273,
  0.07045454545454545,
  0.002272727272727273,
  0.002272727272727273,
  0.07045454545454545,
  0.002272727272727273,
  0.002272727272727273],
 [0.0022222222222222222,
  0.0022222222222222222,
  0.024444444444444446,
  0.0022222222222222222,
  0.0022222222222222222,
  0.0022222222222222222,
  0.04666666666666667,
  0.0022222222222222222,
  0.0022222222222222222,
  0.31333333333333335,
  0.0911111111111111,
  0.0022222222222222222,
  0.0022222222222222222,
  0.0022222222222222222,
  0.06888888888888889,
  0.0022222222222222222,
  0.0911111111111111,
  0.024444444444444446,
  0.15777777777777777,
  0.15777777777777777],
 [0.17076923076923084,
  0.03230769230769232,
  0.0015384615384615393,
  0.0015384615384615393,
  0.0015384615384615393,
  0.0015384615384615393,
  0.07846153846153849,
  0.0015384615384615393,
  0.0015384615384615393,
  0.2323076923076924,
  0.0015384615384615393,
  0.047692307692307714,
  0.0015384615384615393,
  0.0015384615384615393,
  0.37076923076923096,
  0.0015384615384615393,
  0.047692307692307714,
  0.0015384615384615393,
  0.0015384615384615393,
  0.0015384615384615393],
 [0.19285714285714284,
  0.002380952380952381,
  0.002380952380952381,
  0.002380952380952381,
  0.002380952380952381,
  0.002380952380952381,
  0.02619047619047619,
  0.002380952380952381,
  0.02619047619047619,
  0.3357142857142857,
  0.21666666666666665,
  0.002380952380952381,
  0.002380952380952381,
  0.002380952380952381,
  0.002380952380952381,
  0.002380952380952381,
  0.002380952380952381,
  0.16904761904761903,
  0.002380952380952381,
  0.002380952380952381],
 [0.002702702702702703,
  0.16486486486486485,
  0.002702702702702703,
  0.002702702702702703,
  0.002702702702702703,
  0.002702702702702703,
  0.002702702702702703,
  0.002702702702702703,
  0.13783783783783782,
  0.002702702702702703,
  0.002702702702702703,
  0.1108108108108108,
  0.02972972972972973,
  0.002702702702702703,
  0.5162162162162163,
  0.002702702702702703,
  0.002702702702702703,
  0.002702702702702703,
  0.002702702702702703,
  0.002702702702702703],
 [0.20285714285714285,
  0.03142857142857143,
  0.002857142857142857,
  0.002857142857142857,
  0.002857142857142857,
  0.002857142857142857,
  0.002857142857142857,
  0.002857142857142857,
  0.002857142857142857,
  0.002857142857142857,
  0.002857142857142857,
  0.002857142857142857,
  0.002857142857142857,
  0.20285714285714285,
  0.40285714285714286,
  0.002857142857142857,
  0.002857142857142857,
  0.002857142857142857,
  0.002857142857142857,
  0.11714285714285713],
 [0.0033333333333333327,
  0.0033333333333333327,
  0.0033333333333333327,
  0.0033333333333333327,
  0.0033333333333333327,
  0.0033333333333333327,
  0.0033333333333333327,
  0.0033333333333333327,
  0.13666666666666663,
  0.0033333333333333327,
  0.0033333333333333327,
  0.10333333333333332,
  0.0033333333333333327,
  0.0033333333333333327,
  0.7033333333333333,
  0.0033333333333333327,
  0.0033333333333333327,
  0.0033333333333333327,
  0.0033333333333333327,
  0.0033333333333333327],
 [0.002564102564102564,
  0.002564102564102564,
  0.0794871794871795,
  0.002564102564102564,
  0.002564102564102564,
  0.002564102564102564,
  0.002564102564102564,
  0.002564102564102564,
  0.002564102564102564,
  0.002564102564102564,
  0.002564102564102564,
  0.05384615384615385,
  0.1564102564102564,
  0.002564102564102564,
  0.33589743589743587,
  0.20769230769230768,
  0.002564102564102564,
  0.002564102564102564,
  0.13076923076923075,
  0.002564102564102564],
 [0.09107142857142857,
  0.23392857142857143,
  0.0017857142857142859,
  0.0375,
  0.0017857142857142859,
  0.0017857142857142859,
  0.23392857142857143,
  0.0017857142857142859,
  0.10892857142857142,
  0.0017857142857142859,
  0.0375,
  0.23392857142857143,
  0.0017857142857142859,
  0.0017857142857142859,
  0.0017857142857142859,
  0.0017857142857142859,
  0.0017857142857142859,
  0.0017857142857142859,
  0.0017857142857142859,
  0.0017857142857142859],
 [0.002564102564102564,
  0.002564102564102564,
  0.002564102564102564,
  0.33589743589743587,
  0.002564102564102564,
  0.02820512820512821,
  0.002564102564102564,
  0.02820512820512821,
  0.002564102564102564,
  0.002564102564102564,
  0.002564102564102564,
  0.002564102564102564,
  0.25897435897435894,
  0.02820512820512821,
  0.0794871794871795,
  0.002564102564102564,
  0.002564102564102564,
  0.20769230769230768,
  0.002564102564102564,
  0.002564102564102564],
 [0.0033333333333333335,
  0.47,
  0.0033333333333333335,
  0.0033333333333333335,
  0.0033333333333333335,
  0.0033333333333333335,
  0.26999999999999996,
  0.0033333333333333335,
  0.0033333333333333335,
  0.0033333333333333335,
  0.03666666666666667,
  0.10333333333333333,
  0.07,
  0.0033333333333333335,
  0.0033333333333333335,
  0.0033333333333333335,
  0.0033333333333333335,
  0.0033333333333333335,
  0.0033333333333333335,
  0.0033333333333333335],
 [0.0024390243902439024,
  0.0024390243902439024,
  0.0024390243902439024,
  0.0024390243902439024,
  0.0024390243902439024,
  0.0024390243902439024,
  0.02682926829268293,
  0.0024390243902439024,
  0.14878048780487804,
  0.3439024390243902,
  0.0024390243902439024,
  0.2951219512195122,
  0.0024390243902439024,
  0.0024390243902439024,
  0.0024390243902439024,
  0.0024390243902439024,
  0.0024390243902439024,
  0.12439024390243901,
  0.02682926829268293,
  0.0024390243902439024],
 [0.0030303030303030303,
  0.0030303030303030303,
  0.33636363636363636,
  0.0030303030303030303,
  0.0030303030303030303,
  0.0030303030303030303,
  0.0030303030303030303,
  0.0030303030303030303,
  0.0030303030303030303,
  0.0030303030303030303,
  0.18484848484848485,
  0.0030303030303030303,
  0.0030303030303030303,
  0.0030303030303030303,
  0.0030303030303030303,
  0.0030303030303030303,
  0.06363636363636364,
  0.36666666666666664,
  0.0030303030303030303,
  0.0030303030303030303],
 [0.0023255813953488367,
  0.0023255813953488367,
  0.0023255813953488367,
  0.0023255813953488367,
  0.0023255813953488367,
  0.0023255813953488367,
  0.0023255813953488367,
  0.0023255813953488367,
  0.4674418604651162,
  0.0023255813953488367,
  0.0023255813953488367,
  0.0023255813953488367,
  0.0023255813953488367,
  0.18837209302325578,
  0.0023255813953488367,
  0.0023255813953488367,
  0.0023255813953488367,
  0.0023255813953488367,
  0.0023255813953488367,
  0.3046511627906976],
 [0.1568965517241379,
  0.0017241379310344827,
  0.07068965517241378,
  0.0017241379310344827,
  0.0017241379310344827,
  0.0017241379310344827,
  0.036206896551724134,
  0.0017241379310344827,
  0.4844827586206896,
  0.0017241379310344827,
  0.036206896551724134,
  0.0017241379310344827,
  0.17413793103448272,
  0.01896551724137931,
  0.0017241379310344827,
  0.0017241379310344827,
  0.0017241379310344827,
  0.0017241379310344827,
  0.0017241379310344827,
  0.0017241379310344827],
 [0.032352941176470584,
  0.032352941176470584,
  0.002941176470588235,
  0.002941176470588235,
  0.002941176470588235,
  0.032352941176470584,
  0.002941176470588235,
  0.002941176470588235,
  0.6794117647058823,
  0.002941176470588235,
  0.002941176470588235,
  0.002941176470588235,
  0.002941176470588235,
  0.002941176470588235,
  0.002941176470588235,
  0.032352941176470584,
  0.002941176470588235,
  0.14999999999999997,
  0.002941176470588235,
  0.002941176470588235],
 [0.002,
  0.002,
  0.022,
  0.002,
  0.002,
  0.002,
  0.002,
  0.002,
  0.40199999999999997,
  0.002,
  0.002,
  0.002,
  0.22199999999999998,
  0.002,
  0.002,
  0.002,
  0.002,
  0.002,
  0.14199999999999996,
  0.18199999999999997],
 [0.0014705882352941176,
  0.0014705882352941176,
  0.0014705882352941176,
  0.0014705882352941176,
  0.0014705882352941176,
  0.016176470588235296,
  0.0014705882352941176,
  0.0014705882352941176,
  0.45735294117647063,
  0.0014705882352941176,
  0.0014705882352941176,
  0.0014705882352941176,
  0.325,
  0.0014705882352941176,
  0.0014705882352941176,
  0.0014705882352941176,
  0.0014705882352941176,
  0.0014705882352941176,
  0.04558823529411765,
  0.1338235294117647],
 [0.0025,
  0.0025,
  0.0025,
  0.0025,
  0.0025,
  0.0025,
  0.0025,
  0.0025,
  0.0025,
  0.0025,
  0.0025,
  0.0025,
  0.027500000000000004,
  0.27749999999999997,
  0.0025,
  0.052500000000000005,
  0.0025,
  0.22749999999999998,
  0.0025,
  0.3775],
 [0.002,
  0.002,
  0.002,
  0.002,
  0.22199999999999998,
  0.022,
  0.002,
  0.002,
  0.041999999999999996,
  0.06199999999999999,
  0.002,
  0.022,
  0.002,
  0.002,
  0.002,
  0.002,
  0.002,
  0.002,
  0.08199999999999998,
  0.5219999999999999],
 [0.04074074074074073,
  0.003703703703703703,
  0.003703703703703703,
  0.003703703703703703,
  0.07777777777777777,
  0.11481481481481479,
  0.003703703703703703,
  0.003703703703703703,
  0.11481481481481479,
  0.003703703703703703,
  0.003703703703703703,
  0.003703703703703703,
  0.003703703703703703,
  0.07777777777777777,
  0.2629629629629629,
  0.003703703703703703,
  0.003703703703703703,
  0.003703703703703703,
  0.003703703703703703,
  0.2629629629629629],
 [0.0020833333333333333,
  0.0020833333333333333,
  0.0020833333333333333,
  0.04375,
  0.022916666666666665,
  0.0020833333333333333,
  0.0020833333333333333,
  0.0020833333333333333,
  0.35624999999999996,
  0.0020833333333333333,
  0.0020833333333333333,
  0.022916666666666665,
  0.0020833333333333333,
  0.1270833333333333,
  0.0020833333333333333,
  0.0020833333333333333,
  0.0020833333333333333,
  0.06458333333333333,
  0.16874999999999996,
  0.16874999999999996],
 [0.0028571428571428567,
  0.0028571428571428567,
  0.0028571428571428567,
  0.031428571428571424,
  0.0028571428571428567,
  0.0028571428571428567,
  0.08857142857142855,
  0.17428571428571424,
  0.45999999999999996,
  0.0028571428571428567,
  0.0028571428571428567,
  0.0028571428571428567,
  0.0028571428571428567,
  0.08857142857142855,
  0.031428571428571424,
  0.0028571428571428567,
  0.031428571428571424,
  0.0028571428571428567,
  0.0028571428571428567,
  0.05999999999999999],
 [0.0016949152542372879,
  0.0016949152542372879,
  0.018644067796610167,
  0.2898305084745762,
  0.0016949152542372879,
  0.0016949152542372879,
  0.0016949152542372879,
  0.0016949152542372879,
  0.0016949152542372879,
  0.018644067796610167,
  0.0016949152542372879,
  0.0016949152542372879,
  0.5440677966101694,
  0.0016949152542372879,
  0.0016949152542372879,
  0.10338983050847454,
  0.0016949152542372879,
  0.0016949152542372879,
  0.0016949152542372879,
  0.0016949152542372879],
 [0.03666666666666667,
  0.0033333333333333335,
  0.0033333333333333335,
  0.0033333333333333335,
  0.0033333333333333335,
  0.0033333333333333335,
  0.0033333333333333335,
  0.0033333333333333335,
  0.37,
  0.13666666666666666,
  0.0033333333333333335,
  0.0033333333333333335,
  0.0033333333333333335,
  0.30333333333333334,
  0.0033333333333333335,
  0.07,
  0.0033333333333333335,
  0.0033333333333333335,
  0.03666666666666667,
  0.0033333333333333335],
 [0.002857142857142857,
  0.002857142857142857,
  0.002857142857142857,
  0.002857142857142857,
  0.002857142857142857,
  0.002857142857142857,
  0.002857142857142857,
  0.11714285714285713,
  0.060000000000000005,
  0.28857142857142853,
  0.002857142857142857,
  0.002857142857142857,
  0.002857142857142857,
  0.11714285714285713,
  0.002857142857142857,
  0.002857142857142857,
  0.002857142857142857,
  0.002857142857142857,
  0.08857142857142858,
  0.28857142857142853],
 [0.002777777777777778,
  0.002777777777777778,
  0.002777777777777778,
  0.002777777777777778,
  0.002777777777777778,
  0.030555555555555558,
  0.002777777777777778,
  0.002777777777777778,
  0.11388888888888887,
  0.002777777777777778,
  0.002777777777777778,
  0.058333333333333334,
  0.002777777777777778,
  0.002777777777777778,
  0.11388888888888887,
  0.002777777777777778,
  0.002777777777777778,
  0.3638888888888889,
  0.002777777777777778,
  0.28055555555555556],
 [0.002702702702702703,
  0.002702702702702703,
  0.002702702702702703,
  0.002702702702702703,
  0.05675675675675676,
  0.002702702702702703,
  0.002702702702702703,
  0.02972972972972973,
  0.13783783783783782,
  0.002702702702702703,
  0.002702702702702703,
  0.05675675675675676,
  0.02972972972972973,
  0.002702702702702703,
  0.002702702702702703,
  0.002702702702702703,
  0.002702702702702703,
  0.002702702702702703,
  0.05675675675675676,
  0.5972972972972973],
 [0.0012658227848101266,
  0.0012658227848101266,
  0.0012658227848101266,
  0.0012658227848101266,
  0.0012658227848101266,
  0.026582278481012658,
  0.039240506329113925,
  0.0012658227848101266,
  0.0012658227848101266,
  0.0012658227848101266,
  0.0012658227848101266,
  0.0012658227848101266,
  0.0012658227848101266,
  0.05189873417721518,
  0.0012658227848101266,
  0.0012658227848101266,
  0.013924050632911394,
  0.17848101265822786,
  0.0012658227848101266,
  0.6721518987341772],
 [0.0028571428571428567,
  0.031428571428571424,
  0.0028571428571428567,
  0.0028571428571428567,
  0.0028571428571428567,
  0.0028571428571428567,
  0.0028571428571428567,
  0.0028571428571428567,
  0.4885714285714285,
  0.031428571428571424,
  0.0028571428571428567,
  0.031428571428571424,
  0.0028571428571428567,
  0.17428571428571424,
  0.0028571428571428567,
  0.0028571428571428567,
  0.0028571428571428567,
  0.20285714285714282,
  0.0028571428571428567,
  0.0028571428571428567],
 [0.07241379310344827,
  0.0034482758620689655,
  0.03793103448275862,
  0.10689655172413792,
  0.27931034482758615,
  0.0034482758620689655,
  0.0034482758620689655,
  0.0034482758620689655,
  0.0034482758620689655,
  0.0034482758620689655,
  0.0034482758620689655,
  0.21034482758620685,
  0.0034482758620689655,
  0.2448275862068965,
  0.0034482758620689655,
  0.0034482758620689655,
  0.0034482758620689655,
  0.0034482758620689655,
  0.0034482758620689655,
  0.0034482758620689655],
 [0.00196078431372549,
  0.00196078431372549,
  0.06078431372549019,
  0.00196078431372549,
  0.00196078431372549,
  0.00196078431372549,
  0.00196078431372549,
  0.00196078431372549,
  0.3941176470588235,
  0.00196078431372549,
  0.06078431372549019,
  0.00196078431372549,
  0.021568627450980392,
  0.2176470588235294,
  0.021568627450980392,
  0.00196078431372549,
  0.041176470588235294,
  0.06078431372549019,
  0.06078431372549019,
  0.041176470588235294],
 [0.034375,
  0.003125,
  0.003125,
  0.003125,
  0.003125,
  0.003125,
  0.003125,
  0.003125,
  0.003125,
  0.003125,
  0.003125,
  0.003125,
  0.003125,
  0.346875,
  0.003125,
  0.003125,
  0.003125,
  0.003125,
  0.065625,
  0.503125],
 [0.07777777777777778,
  0.003703703703703704,
  0.003703703703703704,
  0.003703703703703704,
  0.003703703703703704,
  0.003703703703703704,
  0.003703703703703704,
  0.003703703703703704,
  0.003703703703703704,
  0.003703703703703704,
  0.4111111111111111,
  0.003703703703703704,
  0.003703703703703704,
  0.003703703703703704,
  0.003703703703703704,
  0.003703703703703704,
  0.003703703703703704,
  0.040740740740740744,
  0.3,
  0.11481481481481481],
 [0.09999999999999999,
  0.00196078431372549,
  0.2568627450980392,
  0.00196078431372549,
  0.00196078431372549,
  0.1784313725490196,
  0.00196078431372549,
  0.00196078431372549,
  0.00196078431372549,
  0.00196078431372549,
  0.00196078431372549,
  0.00196078431372549,
  0.041176470588235294,
  0.00196078431372549,
  0.31568627450980397,
  0.00196078431372549,
  0.021568627450980395,
  0.00196078431372549,
  0.00196078431372549,
  0.060784313725490195],
 [0.08723404255319146,
  0.3638297872340425,
  0.0021276595744680847,
  0.0021276595744680847,
  0.0021276595744680847,
  0.023404255319148935,
  0.04468085106382978,
  0.023404255319148935,
  0.0021276595744680847,
  0.0021276595744680847,
  0.0021276595744680847,
  0.0021276595744680847,
  0.0021276595744680847,
  0.0021276595744680847,
  0.0021276595744680847,
  0.0021276595744680847,
  0.0021276595744680847,
  0.40638297872340423,
  0.023404255319148935,
  0.0021276595744680847],
 [0.10333333333333332,
  0.003333333333333333,
  0.13666666666666663,
  0.36999999999999994,
  0.003333333333333333,
  0.003333333333333333,
  0.03666666666666667,
  0.003333333333333333,
  0.03666666666666667,
  0.06999999999999999,
  0.003333333333333333,
  0.003333333333333333,
  0.003333333333333333,
  0.003333333333333333,
  0.2033333333333333,
  0.003333333333333333,
  0.003333333333333333,
  0.003333333333333333,
  0.003333333333333333,
  0.003333333333333333],
 [0.22749999999999998,
  0.0025,
  0.0025,
  0.0025,
  0.0025,
  0.0025,
  0.0025,
  0.0025,
  0.0025,
  0.0025,
  0.0025,
  0.0025,
  0.0775,
  0.1525,
  0.20249999999999999,
  0.0025,
  0.0025,
  0.0025,
  0.0025,
  0.3025],
 [0.002702702702702703,
  0.002702702702702703,
  0.002702702702702703,
  0.002702702702702703,
  0.002702702702702703,
  0.16486486486486485,
  0.13783783783783782,
  0.002702702702702703,
  0.002702702702702703,
  0.002702702702702703,
  0.002702702702702703,
  0.002702702702702703,
  0.16486486486486485,
  0.002702702702702703,
  0.19189189189189187,
  0.24594594594594593,
  0.02972972972972973,
  0.002702702702702703,
  0.002702702702702703,
  0.02972972972972973],
 [0.004,
  0.004,
  0.004,
  0.004,
  0.004,
  0.004,
  0.36399999999999993,
  0.2839999999999999,
  0.004,
  0.004,
  0.004,
  0.004,
  0.044,
  0.16399999999999995,
  0.004,
  0.004,
  0.004,
  0.004,
  0.004,
  0.08399999999999999],
 [0.002631578947368421,
  0.002631578947368421,
  0.002631578947368421,
  0.002631578947368421,
  0.002631578947368421,
  0.002631578947368421,
  0.002631578947368421,
  0.2921052631578947,
  0.10789473684210525,
  0.2131578947368421,
  0.002631578947368421,
  0.13421052631578947,
  0.002631578947368421,
  0.002631578947368421,
  0.10789473684210525,
  0.002631578947368421,
  0.08157894736842106,
  0.002631578947368421,
  0.028947368421052635,
  0.002631578947368421],
 [0.0006024096385542169,
  0.04277108433734939,
  0.0006024096385542169,
  0.0006024096385542169,
  0.0006024096385542169,
  0.006626506024096386,
  0.0789156626506024,
  0.0006024096385542169,
  0.036746987951807225,
  0.2716867469879518,
  0.30180722891566264,
  0.04879518072289157,
  0.0608433734939759,
  0.0006024096385542169,
  0.0006024096385542169,
  0.0006024096385542169,
  0.0608433734939759,
  0.030722891566265058,
  0.054819277108433734,
  0.0006024096385542169],
 [0.12916666666666662,
  0.004166666666666666,
  0.004166666666666666,
  0.004166666666666666,
  0.004166666666666666,
  0.004166666666666666,
  0.004166666666666666,
  0.004166666666666666,
  0.004166666666666666,
  0.7124999999999998,
  0.004166666666666666,
  0.004166666666666666,
  0.004166666666666666,
  0.004166666666666666,
  0.004166666666666666,
  0.08749999999999998,
  0.004166666666666666,
  0.004166666666666666,
  0.004166666666666666,
  0.004166666666666666],
 [0.3810810810810811,
  0.002702702702702703,
  0.002702702702702703,
  0.002702702702702703,
  0.002702702702702703,
  0.002702702702702703,
  0.02972972972972973,
  0.2189189189189189,
  0.002702702702702703,
  0.3,
  0.002702702702702703,
  0.002702702702702703,
  0.002702702702702703,
  0.002702702702702703,
  0.002702702702702703,
  0.002702702702702703,
  0.02972972972972973,
  0.002702702702702703,
  0.002702702702702703,
  0.002702702702702703],
 [0.002325581395348837,
  0.11860465116279069,
  0.002325581395348837,
  0.04883720930232558,
  0.002325581395348837,
  0.002325581395348837,
  0.11860465116279069,
  0.09534883720930232,
  0.09534883720930232,
  0.002325581395348837,
  0.002325581395348837,
  0.23488372093023255,
  0.002325581395348837,
  0.04883720930232558,
  0.025581395348837212,
  0.002325581395348837,
  0.002325581395348837,
  0.09534883720930232,
  0.09534883720930232,
  0.002325581395348837],
 [0.1576923076923077,
  0.0038461538461538464,
  0.0038461538461538464,
  0.1576923076923077,
  0.0038461538461538464,
  0.0038461538461538464,
  0.0038461538461538464,
  0.0038461538461538464,
  0.0038461538461538464,
  0.0038461538461538464,
  0.1576923076923077,
  0.11923076923076924,
  0.0038461538461538464,
  0.0038461538461538464,
  0.0038461538461538464,
  0.0038461538461538464,
  0.0038461538461538464,
  0.0038461538461538464,
  0.31153846153846154,
  0.04230769230769231],
 [0.19900990099009908,
  0.0009900990099009903,
  0.0207920792079208,
  0.0009900990099009903,
  0.0009900990099009903,
  0.09009900990099012,
  0.10000000000000002,
  0.0009900990099009903,
  0.0009900990099009903,
  0.09009900990099012,
  0.11980198019801984,
  0.06039603960396041,
  0.0009900990099009903,
  0.0009900990099009903,
  0.0009900990099009903,
  0.0009900990099009903,
  0.17920792079207928,
  0.0009900990099009903,
  0.12970297029702973,
  0.0009900990099009903],
 [0.002380952380952381,
  0.002380952380952381,
  0.002380952380952381,
  0.002380952380952381,
  0.002380952380952381,
  0.002380952380952381,
  0.002380952380952381,
  0.12142857142857141,
  0.02619047619047619,
  0.2642857142857143,
  0.0976190476190476,
  0.14523809523809522,
  0.28809523809523807,
  0.002380952380952381,
  0.002380952380952381,
  0.002380952380952381,
  0.002380952380952381,
  0.002380952380952381,
  0.02619047619047619,
  0.002380952380952381],
 [0.003703703703703704,
  0.003703703703703704,
  0.003703703703703704,
  0.003703703703703704,
  0.003703703703703704,
  0.003703703703703704,
  0.003703703703703704,
  0.003703703703703704,
  0.003703703703703704,
  0.07777777777777778,
  0.11481481481481481,
  0.337037037037037,
  0.003703703703703704,
  0.003703703703703704,
  0.003703703703703704,
  0.040740740740740744,
  0.18888888888888888,
  0.18888888888888888,
  0.003703703703703704,
  0.003703703703703704],
 [0.003225806451612903,
  0.003225806451612903,
  0.003225806451612903,
  0.003225806451612903,
  0.003225806451612903,
  0.003225806451612903,
  0.003225806451612903,
  0.003225806451612903,
  0.003225806451612903,
  0.003225806451612903,
  0.6806451612903225,
  0.03548387096774193,
  0.13225806451612898,
  0.003225806451612903,
  0.06774193548387096,
  0.003225806451612903,
  0.03548387096774193,
  0.003225806451612903,
  0.003225806451612903,
  0.003225806451612903],
 [0.12456140350877193,
  0.08947368421052632,
  0.0017543859649122807,
  0.0017543859649122807,
  0.0017543859649122807,
  0.0017543859649122807,
  0.0017543859649122807,
  0.0017543859649122807,
  0.01929824561403509,
  0.17719298245614035,
  0.0017543859649122807,
  0.2649122807017544,
  0.0017543859649122807,
  0.0017543859649122807,
  0.0017543859649122807,
  0.0017543859649122807,
  0.0017543859649122807,
  0.30000000000000004,
  0.0017543859649122807,
  0.0017543859649122807],
 [0.051666666666666666,
  0.0016666666666666668,
  0.0016666666666666668,
  0.0016666666666666668,
  0.0016666666666666668,
  0.018333333333333333,
  0.018333333333333333,
  0.0016666666666666668,
  0.08499999999999999,
  0.20166666666666666,
  0.31833333333333336,
  0.0016666666666666668,
  0.018333333333333333,
  0.0016666666666666668,
  0.0016666666666666668,
  0.0016666666666666668,
  0.08499999999999999,
  0.0016666666666666668,
  0.185,
  0.0016666666666666668],
 [0.0023255813953488367,
  0.0023255813953488367,
  0.025581395348837205,
  0.0023255813953488367,
  0.0023255813953488367,
  0.048837209302325574,
  0.0023255813953488367,
  0.0023255813953488367,
  0.025581395348837205,
  0.5837209302325581,
  0.048837209302325574,
  0.0023255813953488367,
  0.0023255813953488367,
  0.0023255813953488367,
  0.0023255813953488367,
  0.0023255813953488367,
  0.048837209302325574,
  0.048837209302325574,
  0.14186046511627903,
  0.0023255813953488367],
 [0.003846153846153846,
  0.003846153846153846,
  0.003846153846153846,
  0.003846153846153846,
  0.23461538461538456,
  0.003846153846153846,
  0.003846153846153846,
  0.003846153846153846,
  0.003846153846153846,
  0.08076923076923076,
  0.003846153846153846,
  0.003846153846153846,
  0.003846153846153846,
  0.003846153846153846,
  0.003846153846153846,
  0.003846153846153846,
  0.003846153846153846,
  0.6192307692307693,
  0.003846153846153846,
  0.003846153846153846],
 [0.003999999999999999,
  0.003999999999999999,
  0.003999999999999999,
  0.003999999999999999,
  0.003999999999999999,
  0.003999999999999999,
  0.003999999999999999,
  0.08399999999999998,
  0.003999999999999999,
  0.08399999999999998,
  0.003999999999999999,
  0.3639999999999999,
  0.003999999999999999,
  0.2439999999999999,
  0.003999999999999999,
  0.003999999999999999,
  0.04399999999999999,
  0.12399999999999997,
  0.003999999999999999,
  0.003999999999999999],
 [0.003846153846153846,
  0.003846153846153846,
  0.11923076923076922,
  0.003846153846153846,
  0.003846153846153846,
  0.003846153846153846,
  0.27307692307692305,
  0.003846153846153846,
  0.003846153846153846,
  0.23461538461538456,
  0.003846153846153846,
  0.19615384615384612,
  0.003846153846153846,
  0.003846153846153846,
  0.003846153846153846,
  0.003846153846153846,
  0.003846153846153846,
  0.003846153846153846,
  0.003846153846153846,
  0.11923076923076922],
 [0.0017241379310344827,
  0.05344827586206896,
  0.0017241379310344827,
  0.0017241379310344827,
  0.0017241379310344827,
  0.07068965517241378,
  0.3982758620689655,
  0.0017241379310344827,
  0.0017241379310344827,
  0.1568965517241379,
  0.0017241379310344827,
  0.0017241379310344827,
  0.05344827586206896,
  0.0017241379310344827,
  0.0017241379310344827,
  0.0017241379310344827,
  0.01896551724137931,
  0.0017241379310344827,
  0.22586206896551722,
  0.0017241379310344827],
 [0.07749999999999999,
  0.0024999999999999996,
  0.0024999999999999996,
  0.0024999999999999996,
  0.0024999999999999996,
  0.0024999999999999996,
  0.0024999999999999996,
  0.0024999999999999996,
  0.0024999999999999996,
  0.027499999999999997,
  0.07749999999999999,
  0.45249999999999996,
  0.0024999999999999996,
  0.0024999999999999996,
  0.0024999999999999996,
  0.0024999999999999996,
  0.10249999999999997,
  0.0024999999999999996,
  0.05249999999999999,
  0.17749999999999996],
 [0.002631578947368421,
  0.002631578947368421,
  0.002631578947368421,
  0.002631578947368421,
  0.002631578947368421,
  0.002631578947368421,
  0.002631578947368421,
  0.002631578947368421,
  0.002631578947368421,
  0.13421052631578947,
  0.05526315789473685,
  0.2394736842105263,
  0.2131578947368421,
  0.002631578947368421,
  0.002631578947368421,
  0.002631578947368421,
  0.002631578947368421,
  0.002631578947368421,
  0.05526315789473685,
  0.2657894736842105],
 [0.0023809523809523807,
  0.0023809523809523807,
  0.0023809523809523807,
  0.0023809523809523807,
  0.0023809523809523807,
  0.0023809523809523807,
  0.0023809523809523807,
  0.0023809523809523807,
  0.0023809523809523807,
  0.1214285714285714,
  0.0023809523809523807,
  0.47857142857142854,
  0.0023809523809523807,
  0.0023809523809523807,
  0.0023809523809523807,
  0.0023809523809523807,
  0.09761904761904759,
  0.026190476190476188,
  0.0023809523809523807,
  0.24047619047619043],
 [0.07749999999999999,
  0.027499999999999997,
  0.0024999999999999996,
  0.05249999999999999,
  0.0024999999999999996,
  0.0024999999999999996,
  0.05249999999999999,
  0.0024999999999999996,
  0.0024999999999999996,
  0.40249999999999997,
  0.0024999999999999996,
  0.0024999999999999996,
  0.0024999999999999996,
  0.0024999999999999996,
  0.07749999999999999,
  0.0024999999999999996,
  0.07749999999999999,
  0.20249999999999996,
  0.0024999999999999996,
  0.0024999999999999996],
 [0.13666666666666663,
  0.0033333333333333327,
  0.0033333333333333327,
  0.0033333333333333327,
  0.0033333333333333327,
  0.0033333333333333327,
  0.0033333333333333327,
  0.0033333333333333327,
  0.03666666666666666,
  0.0033333333333333327,
  0.6033333333333333,
  0.13666666666666663,
  0.0033333333333333327,
  0.0033333333333333327,
  0.0033333333333333327,
  0.0033333333333333327,
  0.0033333333333333327,
  0.03666666666666666,
  0.0033333333333333327,
  0.0033333333333333327],
 [0.15185185185185182,
  0.0037037037037037034,
  0.0037037037037037034,
  0.0037037037037037034,
  0.0037037037037037034,
  0.0037037037037037034,
  0.0037037037037037034,
  0.0037037037037037034,
  0.0037037037037037034,
  0.5222222222222221,
  0.04074074074074074,
  0.0037037037037037034,
  0.0037037037037037034,
  0.0037037037037037034,
  0.0037037037037037034,
  0.0037037037037037034,
  0.0037037037037037034,
  0.1148148148148148,
  0.1148148148148148,
  0.0037037037037037034],
 [0.0038461538461538455,
  0.0038461538461538455,
  0.0038461538461538455,
  0.1192307692307692,
  0.0038461538461538455,
  0.0038461538461538455,
  0.0038461538461538455,
  0.0038461538461538455,
  0.0038461538461538455,
  0.6192307692307691,
  0.0038461538461538455,
  0.0038461538461538455,
  0.0038461538461538455,
  0.0038461538461538455,
  0.042307692307692296,
  0.0038461538461538455,
  0.0038461538461538455,
  0.0038461538461538455,
  0.15769230769230763,
  0.0038461538461538455],
 [0.0023809523809523807,
  0.026190476190476188,
  0.0023809523809523807,
  0.0023809523809523807,
  0.0023809523809523807,
  0.1452380952380952,
  0.026190476190476188,
  0.0023809523809523807,
  0.0023809523809523807,
  0.669047619047619,
  0.0023809523809523807,
  0.0023809523809523807,
  0.0738095238095238,
  0.0023809523809523807,
  0.0023809523809523807,
  0.026190476190476188,
  0.0023809523809523807,
  0.0023809523809523807,
  0.0023809523809523807,
  0.0023809523809523807],
 [0.002777777777777778,
  0.002777777777777778,
  0.002777777777777778,
  0.11388888888888887,
  0.002777777777777778,
  0.3361111111111111,
  0.002777777777777778,
  0.002777777777777778,
  0.002777777777777778,
  0.002777777777777778,
  0.030555555555555558,
  0.002777777777777778,
  0.002777777777777778,
  0.002777777777777778,
  0.002777777777777778,
  0.002777777777777778,
  0.058333333333333334,
  0.11388888888888887,
  0.30833333333333335,
  0.002777777777777778],
 [0.002631578947368421,
  0.028947368421052635,
  0.002631578947368421,
  0.002631578947368421,
  0.002631578947368421,
  0.002631578947368421,
  0.002631578947368421,
  0.002631578947368421,
  0.002631578947368421,
  0.31842105263157894,
  0.2131578947368421,
  0.002631578947368421,
  0.002631578947368421,
  0.002631578947368421,
  0.2657894736842105,
  0.002631578947368421,
  0.08157894736842106,
  0.05526315789473685,
  0.002631578947368421,
  0.002631578947368421],
 [0.0027027027027027024,
  0.0027027027027027024,
  0.0027027027027027024,
  0.0027027027027027024,
  0.056756756756756746,
  0.029729729729729728,
  0.0027027027027027024,
  0.5432432432432431,
  0.0027027027027027024,
  0.0027027027027027024,
  0.21891891891891888,
  0.0027027027027027024,
  0.0027027027027027024,
  0.0027027027027027024,
  0.0027027027027027024,
  0.0027027027027027024,
  0.0027027027027027024,
  0.0027027027027027024,
  0.0027027027027027024,
  0.11081081081081078],
 [0.0023809523809523807,
  0.0023809523809523807,
  0.0023809523809523807,
  0.09761904761904759,
  0.0023809523809523807,
  0.0023809523809523807,
  0.0023809523809523807,
  0.049999999999999996,
  0.0023809523809523807,
  0.0023809523809523807,
  0.35952380952380947,
  0.0023809523809523807,
  0.4309523809523809,
  0.0023809523809523807,
  0.0023809523809523807,
  0.0023809523809523807,
  0.0023809523809523807,
  0.026190476190476188,
  0.0023809523809523807,
  0.0023809523809523807],
 [0.005,
  0.005,
  0.005,
  0.005,
  0.005,
  0.005,
  0.005,
  0.005,
  0.005,
  0.05500000000000001,
  0.005,
  0.005,
  0.005,
  0.255,
  0.005,
  0.005,
  0.005,
  0.605,
  0.005,
  0.005],
 [0.0020408163265306124,
  0.0020408163265306124,
  0.0020408163265306124,
  0.06326530612244897,
  0.0020408163265306124,
  0.24693877551020407,
  0.0020408163265306124,
  0.24693877551020407,
  0.0020408163265306124,
  0.0020408163265306124,
  0.08367346938775509,
  0.12448979591836734,
  0.16530612244897958,
  0.0020408163265306124,
  0.0020408163265306124,
  0.0020408163265306124,
  0.04285714285714286,
  0.0020408163265306124,
  0.0020408163265306124,
  0.0020408163265306124],
 [0.0023809523809523807,
  0.1214285714285714,
  0.0023809523809523807,
  0.0023809523809523807,
  0.0023809523809523807,
  0.0023809523809523807,
  0.0023809523809523807,
  0.026190476190476188,
  0.0023809523809523807,
  0.0023809523809523807,
  0.4071428571428571,
  0.049999999999999996,
  0.0023809523809523807,
  0.0023809523809523807,
  0.0023809523809523807,
  0.026190476190476188,
  0.0023809523809523807,
  0.33571428571428563,
  0.0023809523809523807,
  0.0023809523809523807],
 [0.0030303030303030303,
  0.0030303030303030303,
  0.0030303030303030303,
  0.0030303030303030303,
  0.0030303030303030303,
  0.0030303030303030303,
  0.30606060606060603,
  0.0030303030303030303,
  0.0030303030303030303,
  0.09393939393939395,
  0.0030303030303030303,
  0.0030303030303030303,
  0.0030303030303030303,
  0.0030303030303030303,
  0.0030303030303030303,
  0.0030303030303030303,
  0.0030303030303030303,
  0.5484848484848486,
  0.0030303030303030303,
  0.0030303030303030303],
 [0.002272727272727273,
  0.002272727272727273,
  0.09318181818181817,
  0.002272727272727273,
  0.002272727272727273,
  0.025,
  0.002272727272727273,
  0.1159090909090909,
  0.002272727272727273,
  0.43409090909090914,
  0.002272727272727273,
  0.25227272727272726,
  0.002272727272727273,
  0.002272727272727273,
  0.002272727272727273,
  0.002272727272727273,
  0.002272727272727273,
  0.04772727272727273,
  0.002272727272727273,
  0.002272727272727273],
 [0.0025,
  0.0025,
  0.0025,
  0.027500000000000004,
  0.0025,
  0.027500000000000004,
  0.0025,
  0.3775,
  0.0025,
  0.0025,
  0.0025,
  0.1525,
  0.0025,
  0.0025,
  0.1025,
  0.0025,
  0.20249999999999999,
  0.0025,
  0.0775,
  0.0025],
 [0.0031249999999999993,
  0.0031249999999999993,
  0.0031249999999999993,
  0.0031249999999999993,
  0.0031249999999999993,
  0.0031249999999999993,
  0.12812499999999996,
  0.034374999999999996,
  0.0031249999999999993,
  0.034374999999999996,
  0.06562499999999999,
  0.0031249999999999993,
  0.0031249999999999993,
  0.0031249999999999993,
  0.0031249999999999993,
  0.0031249999999999993,
  0.0031249999999999993,
  0.6906249999999999,
  0.0031249999999999993,
  0.0031249999999999993],
 [0.0027027027027027024,
  0.0027027027027027024,
  0.0027027027027027024,
  0.029729729729729728,
  0.0027027027027027024,
  0.08378378378378377,
  0.0027027027027027024,
  0.0027027027027027024,
  0.0027027027027027024,
  0.0027027027027027024,
  0.0027027027027027024,
  0.0027027027027027024,
  0.0027027027027027024,
  0.0027027027027027024,
  0.8405405405405404,
  0.0027027027027027024,
  0.0027027027027027024,
  0.0027027027027027024,
  0.0027027027027027024,
  0.0027027027027027024],
 [0.0024999999999999996,
  0.05249999999999999,
  0.0024999999999999996,
  0.0024999999999999996,
  0.0024999999999999996,
  0.0024999999999999996,
  0.0024999999999999996,
  0.0024999999999999996,
  0.0024999999999999996,
  0.0024999999999999996,
  0.10249999999999997,
  0.8024999999999999,
  0.0024999999999999996,
  0.0024999999999999996,
  0.0024999999999999996,
  0.0024999999999999996,
  0.0024999999999999996,
  0.0024999999999999996,
  0.0024999999999999996,
  0.0024999999999999996],
 [0.14166666666666666,
  0.002777777777777778,
  0.002777777777777778,
  0.002777777777777778,
  0.08611111111111111,
  0.002777777777777778,
  0.002777777777777778,
  0.002777777777777778,
  0.002777777777777778,
  0.19722222222222222,
  0.002777777777777778,
  0.002777777777777778,
  0.002777777777777778,
  0.002777777777777778,
  0.002777777777777778,
  0.002777777777777778,
  0.14166666666666666,
  0.39166666666666666,
  0.002777777777777778,
  0.002777777777777778],
 [0.003999999999999999,
  0.003999999999999999,
  0.04399999999999999,
  0.003999999999999999,
  0.003999999999999999,
  0.04399999999999999,
  0.003999999999999999,
  0.12399999999999997,
  0.003999999999999999,
  0.003999999999999999,
  0.003999999999999999,
  0.5639999999999998,
  0.003999999999999999,
  0.003999999999999999,
  0.003999999999999999,
  0.003999999999999999,
  0.003999999999999999,
  0.16399999999999995,
  0.003999999999999999,
  0.003999999999999999],
 [0.02291666666666667,
  0.06458333333333334,
  0.0020833333333333333,
  0.0020833333333333333,
  0.02291666666666667,
  0.0020833333333333333,
  0.043750000000000004,
  0.0020833333333333333,
  0.0020833333333333333,
  0.12708333333333333,
  0.08541666666666665,
  0.16874999999999998,
  0.0020833333333333333,
  0.0020833333333333333,
  0.0020833333333333333,
  0.0020833333333333333,
  0.0020833333333333333,
  0.4395833333333334,
  0.0020833333333333333,
  0.0020833333333333333],
 [0.0035714285714285718,
  0.0035714285714285718,
  0.0035714285714285718,
  0.1464285714285714,
  0.0035714285714285718,
  0.0035714285714285718,
  0.03928571428571429,
  0.0035714285714285718,
  0.0035714285714285718,
  0.0035714285714285718,
  0.0035714285714285718,
  0.21785714285714283,
  0.0035714285714285718,
  0.0035714285714285718,
  0.0035714285714285718,
  0.0035714285714285718,
  0.1464285714285714,
  0.3607142857142857,
  0.0035714285714285718,
  0.03928571428571429],
 [0.04468085106382978,
  0.21489361702127655,
  0.0021276595744680847,
  0.0021276595744680847,
  0.0021276595744680847,
  0.17234042553191486,
  0.0021276595744680847,
  0.0021276595744680847,
  0.0021276595744680847,
  0.0021276595744680847,
  0.0021276595744680847,
  0.0021276595744680847,
  0.06595744680851064,
  0.0021276595744680847,
  0.0021276595744680847,
  0.0021276595744680847,
  0.47021276595744677,
  0.0021276595744680847,
  0.0021276595744680847,
  0.0021276595744680847],
 [0.00303030303030303,
  0.00303030303030303,
  0.00303030303030303,
  0.09393939393939392,
  0.00303030303030303,
  0.00303030303030303,
  0.00303030303030303,
  0.09393939393939392,
  0.00303030303030303,
  0.6393939393939393,
  0.00303030303030303,
  0.00303030303030303,
  0.06363636363636363,
  0.00303030303030303,
  0.00303030303030303,
  0.00303030303030303,
  0.00303030303030303,
  0.033333333333333326,
  0.033333333333333326,
  0.00303030303030303],
 [0.002380952380952381,
  0.002380952380952381,
  0.002380952380952381,
  0.002380952380952381,
  0.002380952380952381,
  0.002380952380952381,
  0.02619047619047619,
  0.2642857142857143,
  0.002380952380952381,
  0.002380952380952381,
  0.002380952380952381,
  0.2642857142857143,
  0.002380952380952381,
  0.002380952380952381,
  0.002380952380952381,
  0.05,
  0.3357142857142857,
  0.002380952380952381,
  0.02619047619047619,
  0.002380952380952381],
 [0.0030303030303030303,
  0.0030303030303030303,
  0.03333333333333333,
  0.0030303030303030303,
  0.0030303030303030303,
  0.0030303030303030303,
  0.0030303030303030303,
  0.0030303030303030303,
  0.0030303030303030303,
